# k (MeV/c) u(k) (AV18) w(k) (AV18)
0 1.28E+001 0.00E+000
9.86635 1.22E+001 1.41E-002
19.7327 1.07E+001 4.94E-002
29.59905 8.87E+000 9.20E-002
39.4654 7.14E+000 1.31E-001
49.33175 5.69E+000 1.63E-001
59.1981 4.53E+000 1.86E-001
69.06445 3.62E+000 2.02E-001
78.9308 2.93E+000 2.12E-001
88.79715 2.38E+000 2.18E-001
98.6635 1.96E+000 2.20E-001
108.52985 1.62E+000 2.20E-001
118.3962 1.35E+000 2.17E-001
128.26255 1.14E+000 2.14E-001
138.1289 9.59E-001 2.09E-001
147.99525 8.14E-001 2.04E-001
157.8616 6.93E-001 1.98E-001
167.72795 5.93E-001 1.92E-001
177.5943 5.08E-001 1.85E-001
187.46065 4.37E-001 1.79E-001
197.327 3.76E-001 1.72E-001
207.19335 3.24E-001 1.65E-001
217.0597 2.79E-001 1.59E-001
226.92605 2.41E-001 1.52E-001
236.7924 2.08E-001 1.46E-001
246.65875 1.79E-001 1.40E-001
256.5251 1.54E-001 1.34E-001
266.39145 1.32E-001 1.28E-001
276.2578 1.13E-001 1.23E-001
286.12415 9.67E-002 1.17E-001
295.9905 8.22E-002 1.12E-001
305.85685 6.94E-002 1.07E-001
315.7232 5.82E-002 1.03E-001
325.58955 4.84E-002 9.80E-002
335.4559 3.98E-002 9.36E-002
345.32225 3.22E-002 8.94E-002
355.1886 2.55E-002 8.54E-002
365.05495 1.96E-002 8.15E-002
374.9213 1.45E-002 7.79E-002
384.78765 9.97E-003 7.43E-002
394.654 6.02E-003 7.10E-002
404.52035 2.56E-003 6.77E-002
414.3867 -4.56E-004 6.47E-002
424.25305 -3.08E-003 6.17E-002
434.1194 -5.36E-003 5.89E-002
443.98575 -7.33E-003 5.62E-002
453.8521 -9.02E-003 5.36E-002
463.71845 -1.05E-002 5.12E-002
473.5848 -1.17E-002 4.88E-002
483.45115 -1.27E-002 4.66E-002
493.3175 -1.36E-002 4.45E-002
503.18385 -1.43E-002 4.24E-002
513.0502 -1.49E-002 4.05E-002
522.91655 -1.54E-002 3.86E-002
532.7829 -1.57E-002 3.68E-002
542.64925 -1.60E-002 3.51E-002
552.5156 -1.61E-002 3.35E-002
562.38195 -1.62E-002 3.19E-002
572.2483 -1.62E-002 3.04E-002
582.11465 -1.62E-002 2.90E-002
591.981 -1.61E-002 2.76E-002
601.84735 -1.60E-002 2.63E-002
611.7137 -1.58E-002 2.51E-002
621.58005 -1.56E-002 2.39E-002
631.4464 -1.54E-002 2.28E-002
641.31275 -1.52E-002 2.17E-002
651.1791 -1.49E-002 2.07E-002
661.04545 -1.46E-002 1.97E-002
670.9118 -1.43E-002 1.87E-002
680.77815 -1.40E-002 1.78E-002
690.6445 -1.36E-002 1.70E-002
700.51085 -1.33E-002 1.61E-002
710.3772 -1.29E-002 1.53E-002
720.24355 -1.26E-002 1.46E-002
730.1099 -1.22E-002 1.39E-002
739.97625 -1.19E-002 1.32E-002
749.8426 -1.15E-002 1.25E-002
759.70895 -1.12E-002 1.19E-002
769.5753 -1.08E-002 1.13E-002
779.44165 -1.05E-002 1.07E-002
789.308 -1.01E-002 1.02E-002
799.17435 -9.79E-003 9.68E-003
809.0407 -9.45E-003 9.19E-003
818.90705 -9.12E-003 8.72E-003
828.7734 -8.80E-003 8.27E-003
838.63975 -8.48E-003 7.84E-003
848.5061 -8.17E-003 7.43E-003
858.37245 -7.86E-003 7.04E-003
868.2388 -7.56E-003 6.67E-003
878.10515 -7.27E-003 6.31E-003
887.9715 -6.98E-003 5.97E-003
897.83785 -6.70E-003 5.65E-003
907.7042 -6.43E-003 5.34E-003
917.57055 -6.16E-003 5.05E-003
927.4369 -5.91E-003 4.77E-003
937.30325 -5.66E-003 4.51E-003
947.1696 -5.42E-003 4.26E-003
957.03595 -5.18E-003 4.02E-003
966.9023 -4.95E-003 3.79E-003
976.76865 -4.73E-003 3.57E-003
986.635 -4.52E-003 3.36E-003
996.50135 -4.31E-003 3.17E-003
1006.3677 -4.11E-003 2.98E-003
1016.23405 -3.92E-003 2.80E-003
1026.1004 -3.73E-003 2.64E-003
1035.96675 -3.55E-003 2.48E-003
1045.8331 -3.37E-003 2.32E-003
1055.69945 -3.21E-003 2.18E-003
1065.5658 -3.04E-003 2.04E-003
1075.43215 -2.89E-003 1.91E-003
1085.2985 -2.74E-003 1.79E-003
1095.16485 -2.60E-003 1.67E-003
1105.0312 -2.46E-003 1.56E-003
1114.89755 -2.32E-003 1.46E-003
1124.7639 -2.20E-003 1.36E-003
1134.63025 -2.07E-003 1.27E-003
1144.4966 -1.96E-003 1.18E-003
1154.36295 -1.84E-003 1.10E-003
1164.2293 -1.74E-003 1.02E-003
1174.09565 -1.63E-003 9.42E-004
1183.962 -1.53E-003 8.72E-004
1193.82835 -1.44E-003 8.06E-004
1203.6947 -1.35E-003 7.43E-004
1213.56105 -1.26E-003 6.84E-004
1223.4274 -1.18E-003 6.29E-004
1233.29375 -1.10E-003 5.76E-004
1243.1601 -1.03E-003 5.27E-004
1253.02645 -9.54E-004 4.81E-004
1262.8928 -8.87E-004 4.37E-004
1272.75915 -8.22E-004 3.97E-004
1282.6255 -7.60E-004 3.58E-004
1292.49185 -7.02E-004 3.23E-004
1302.3582 -6.46E-004 2.89E-004
1312.22455 -5.94E-004 2.58E-004
1322.0909 -5.44E-004 2.28E-004
1331.95725 -4.97E-004 2.01E-004
1341.8236 -4.52E-004 1.75E-004
1351.68995 -4.10E-004 1.51E-004
1361.5563 -3.70E-004 1.29E-004
1371.42265 -3.32E-004 1.08E-004
1381.289 -2.96E-004 8.91E-005
1391.15535 -2.63E-004 7.13E-005
1401.0217 -2.31E-004 5.48E-005
1410.88805 -2.02E-004 3.96E-005
1420.7544 -1.74E-004 2.55E-005
1430.62075 -1.48E-004 1.25E-005
1440.4871 -1.23E-004 5.94E-007
1450.35345 -1.00E-004 -1.04E-005
1460.2198 -7.89E-005 -2.04E-005
1470.08615 -5.90E-005 -2.95E-005
1479.9525 -4.04E-005 -3.79E-005
1489.81885 -2.32E-005 -4.54E-005
1499.6852 -7.13E-006 -5.23E-005
1509.55155 7.72E-006 -5.85E-005
1519.4179 2.14E-005 -6.40E-005
1529.28425 3.41E-005 -6.89E-005
1539.1506 4.57E-005 -7.33E-005
1549.01695 5.64E-005 -7.72E-005
1558.8833 6.62E-005 -8.05E-005
1568.74965 7.51E-005 -8.35E-005
1578.616 8.32E-005 -8.60E-005
1588.48235 9.05E-005 -8.81E-005
1598.3487 9.71E-005 -8.98E-005
1608.21505 1.03E-004 -9.12E-005
1618.0814 1.08E-004 -9.23E-005
1627.94775 1.13E-004 -9.30E-005
1637.8141 1.17E-004 -9.36E-005
1647.68045 1.20E-004 -9.38E-005
1657.5468 1.23E-004 -9.39E-005
1667.41315 1.26E-004 -9.37E-005
1677.2795 1.28E-004 -9.33E-005
1687.14585 1.30E-004 -9.28E-005
1697.0122 1.31E-004 -9.20E-005
1706.87855 1.32E-004 -9.12E-005
1716.7449 1.33E-004 -9.02E-005
1726.61125 1.33E-004 -8.91E-005
1736.4776 1.33E-004 -8.79E-005
1746.34395 1.33E-004 -8.65E-005
1756.2103 1.32E-004 -8.51E-005
1766.07665 1.31E-004 -8.36E-005
1775.943 1.30E-004 -8.21E-005
1785.80935 1.29E-004 -8.05E-005
1795.6757 1.28E-004 -7.88E-005
1805.54205 1.26E-004 -7.71E-005
1815.4084 1.25E-004 -7.54E-005
1825.27475 1.23E-004 -7.36E-005
1835.1411 1.21E-004 -7.18E-005
1845.00745 1.19E-004 -7.00E-005
1854.8738 1.17E-004 -6.82E-005
1864.74015 1.15E-004 -6.63E-005
1874.6065 1.13E-004 -6.45E-005
1884.47285 1.10E-004 -6.27E-005
1894.3392 1.08E-004 -6.08E-005
1904.20555 1.06E-004 -5.90E-005
1914.0719 1.03E-004 -5.72E-005
1923.93825 1.01E-004 -5.54E-005
1933.8046 9.83E-005 -5.36E-005
1943.67095 9.58E-005 -5.19E-005
1953.5373 9.33E-005 -5.02E-005
1963.40365 9.08E-005 -4.84E-005
1973.27 8.83E-005 -4.68E-005
1983.13635 8.59E-005 -4.51E-005
1993.0027 8.34E-005 -4.35E-005
2002.86905 8.09E-005 -4.19E-005
2012.7354 7.85E-005 -4.03E-005
2022.60175 7.61E-005 -3.88E-005
2032.4681 7.37E-005 -3.72E-005
2042.33445 7.14E-005 -3.58E-005
2052.2008 6.90E-005 -3.43E-005
2062.06715 6.68E-005 -3.29E-005
2071.9335 6.45E-005 -3.16E-005
2081.79985 6.23E-005 -3.02E-005
2091.6662 6.01E-005 -2.89E-005
2101.53255 5.80E-005 -2.76E-005
2111.3989 5.59E-005 -2.64E-005
2121.26525 5.39E-005 -2.52E-005
2131.1316 5.19E-005 -2.40E-005
2140.99795 4.99E-005 -2.29E-005
2150.8643 4.80E-005 -2.18E-005
2160.73065 4.62E-005 -2.08E-005
2170.597 4.43E-005 -1.97E-005
2180.46335 4.26E-005 -1.87E-005
2190.3297 4.09E-005 -1.78E-005
2200.19605 3.92E-005 -1.68E-005
2210.0624 3.76E-005 -1.59E-005
2219.92875 3.60E-005 -1.51E-005
2229.7951 3.44E-005 -1.42E-005
2239.66145 3.30E-005 -1.34E-005
2249.5278 3.15E-005 -1.26E-005
2259.39415 3.01E-005 -1.19E-005
2269.2605 2.88E-005 -1.11E-005
2279.12685 2.75E-005 -1.05E-005
2288.9932 2.62E-005 -9.78E-006
2298.85955 2.50E-005 -9.14E-006
2308.7259 2.38E-005 -8.52E-006
2318.59225 2.27E-005 -7.92E-006
2328.4586 2.16E-005 -7.35E-006
2338.32495 2.05E-005 -6.81E-006
2348.1913 1.95E-005 -6.28E-006
2358.05765 1.85E-005 -5.78E-006
2367.924 1.76E-005 -5.30E-006
2377.79035 1.67E-005 -4.84E-006
2387.6567 1.58E-005 -4.41E-006
2397.52305 1.49E-005 -3.99E-006
2407.3894 1.41E-005 -3.59E-006
2417.25575 1.34E-005 -3.21E-006
2427.1221 1.26E-005 -2.84E-006
2436.98845 1.19E-005 -2.50E-006
2446.8548 1.12E-005 -2.17E-006
2456.72115 1.06E-005 -1.86E-006
2466.5875 9.97E-006 -1.56E-006
2476.45385 9.38E-006 -1.28E-006
2486.3202 8.81E-006 -1.01E-006
2496.18655 8.27E-006 -7.58E-007
2506.0529 7.75E-006 -5.18E-007
2515.91925 7.26E-006 -2.92E-007
2525.7856 6.79E-006 -7.75E-008
2535.65195 6.34E-006 1.25E-007
2545.5183 5.91E-006 3.15E-007
2555.38465 5.51E-006 4.94E-007
2565.251 5.12E-006 6.63E-007
2575.11735 4.75E-006 8.21E-007
2584.9837 4.41E-006 9.69E-007
2594.85005 4.08E-006 1.11E-006
2604.7164 3.77E-006 1.24E-006
2614.58275 3.47E-006 1.36E-006
2624.4491 3.19E-006 1.47E-006
2634.31545 2.93E-006 1.58E-006
2644.1818 2.68E-006 1.67E-006
2654.04815 2.44E-006 1.76E-006
2663.9145 2.22E-006 1.85E-006
2673.78085 2.01E-006 1.92E-006
2683.6472 1.81E-006 1.99E-006
2693.51355 1.62E-006 2.06E-006
2703.3799 1.45E-006 2.12E-006
2713.24625 1.29E-006 2.17E-006
2723.1126 1.13E-006 2.22E-006
2732.97895 9.89E-007 2.26E-006
2742.8453 8.55E-007 2.30E-006
2752.71165 7.29E-007 2.33E-006
2762.578 6.12E-007 2.36E-006
2772.44435 5.03E-007 2.39E-006
2782.3107 4.02E-007 2.41E-006
2792.17705 3.08E-007 2.42E-006
2802.0434 2.21E-007 2.44E-006
2811.90975 1.41E-007 2.45E-006
2821.7761 6.61E-008 2.46E-006
2831.64245 -2.36E-009 2.46E-006
2841.5088 -6.53E-008 2.47E-006
2851.37515 -1.23E-007 2.47E-006
2861.2415 -1.76E-007 2.47E-006
2871.10785 -2.24E-007 2.46E-006
2880.9742 -2.67E-007 2.46E-006
2890.84055 -3.07E-007 2.45E-006
2900.7069 -3.42E-007 2.44E-006
2910.57325 -3.74E-007 2.43E-006
2920.4396 -4.02E-007 2.41E-006
2930.30595 -4.28E-007 2.40E-006
2940.1723 -4.50E-007 2.38E-006
2950.03865 -4.69E-007 2.36E-006
2959.905 -4.85E-007 2.35E-006
