0 -1.72037763488 2.14691842326 0.426540788372 0.426540788372
1 -1.7193418878 2.14614161295 0.426799725142 0.426799725142
2 -1.71623661864 2.14381266107 0.427576042433 0.427576042433
3 -1.71106773939 2.13993600163 0.428868262247 0.428868262247
4 -1.70384508918 2.13451901398 0.430673924798 0.430673924798
5 -1.69458241309 2.12757200691 0.432989593821 0.432989593821
6 -1.68329733246 2.11910819644 0.435810863978 0.435810863978
7 -1.67001130694 2.1091436773 0.439132370359 0.439132370359
8 -1.65474958821 2.09769738825 0.44294780004 0.44294780004
9 -1.63754116563 2.08479107131 0.447249905686 0.447249905686
10 -1.6184187038 2.07044922494 0.452030521144 0.452030521144
11 -1.59741847233 2.05469905134 0.457280579011 0.457280579011
12 -1.57458026787 2.037570398 0.462990130125 0.462990130125
13 -1.54994732868 2.01909569361 0.469148364922 0.469148364922
14 -1.52356624186 1.99930987848 0.475743636629 0.475743636629
15 -1.49548684349 1.97825032971 0.482763486219 0.482763486219
16 -1.46576211207 1.95595678114 0.490194669077 0.490194669077
17 -1.43444805516 1.93247123846 0.498023183303 0.498023183303
18 -1.40160358994 1.90783788955 0.506234299607 0.506234299607
19 -1.36729041761 1.8821030103 0.514812592691 0.514812592691
20 -1.33157289209 1.85531486616 0.523741974069 0.523741974069
21 -1.29451788341 1.82752360965 0.53300572624 0.53300572624
22 -1.25619463588 1.798781174 0.542586538123 0.542586538123
23 -1.21667462165 1.76914116333 0.552466541679 0.552466541679
24 -1.17603138983 1.73865873946 0.562627349636 0.562627349636
25 -1.13434041153 1.70739050574 0.57305009421 0.57305009421
26 -1.09167892138 1.67539438813 0.583715466749 0.583715466749
27 -1.04812575558 1.64272951378 0.594603758197 0.594603758197
28 -1.00376118725 1.60945608753 0.605694900281 0.605694900281
29 -0.958666759055 1.57563526638 0.616968507329 0.616968507329
30 -0.912925113917 1.54132903253 0.628403918614 0.628403918614
31 -0.866619823857 1.50660006499 0.639980241129 0.639980241129
32 -0.819835217595 1.47151161029 0.651676392694 0.651676392694
33 -0.772656207211 1.4361273525 0.66347114529 0.66347114529
34 -0.725168114304 1.40051128282 0.675343168517 0.675343168517
35 -0.677456496035 1.36472756912 0.687271073084 0.687271073084
36 -0.491908268874 1.25692111408 0.765012845204 0.765012845204
37 -0.454482774894 1.22885199359 0.774369218699 0.774369218699
38 -0.417082928368 1.2008021087 0.78371918033 0.78371918033
39 -0.379774961064 1.17282113322 0.793046172156 0.793046172156
40 -0.342624618974 1.14495837665 0.802333757678 0.802333757678
41 -0.305697032443 1.11726268675 0.811565654311 0.811565654311
42 -0.269056588356 1.08978235369 0.820725765333 0.820725765333
43 -0.232766804674 1.06256501593 0.829798211254 0.829798211254
44 -0.196890207599 1.03565756812 0.838767360522 0.838767360522
45 -0.161488211636 1.00910607115 0.847617859513 0.847617859513
46 -0.126621002825 0.982955664541 0.856334661716 0.856334661716
47 -0.0923474253871 0.957250481462 0.864903056075 0.864903056075
48 -0.0587248720425 0.932033566454 0.873308694411 0.873308694411
49 -0.0258091782264 0.907346796092 0.881537617865 0.881537617865
50 0.0063454795667 0.883230802747 0.889576282314 0.889576282314
51 0.0376866810998 0.859724901597 0.897411582697 0.897411582697
52 0.0681638551672 0.836867021047 0.905030876214 0.905030876214
53 0.0977283676374 0.814693636694 0.912422004331 0.912422004331
54 0.0917940008656 0.849767966372 0.941561967238 0.941561967238
55 0.111849212192 0.834726557878 0.946575770069 0.946575770069
56 0.131144301276 0.820255241064 0.95139954234 0.95139954234
57 0.149650127132 0.806375871672 0.956025998804 0.956025998804
58 0.167339220382 0.793109051734 0.960448272117 0.960448272117
59 0.184185824244 0.780474098838 0.964659923082 0.964659923082
60 0.200165931387 0.768489018481 0.968654949868 0.968654949868
61 0.215257316602 0.757170479569 0.972427796172 0.972427796172
62 0.229439565243 0.746533793089 0.975973358332 0.975973358332
63 0.242694097387 0.736592893981 0.979286991368 0.979286991368
64 0.25500418772 0.727360326231 0.982364513951 0.982364513951
65 0.266354981091 0.718847231203 0.985202212294 0.985202212294
66 0.276733503781 0.711063339186 0.987796842966 0.987796842966
67 0.185103280487 0.80852170175 0.993624982237 0.993624982237
68 0.190539128104 0.804444816038 0.994983944141 0.994983944141
69 0.195328146215 0.800853052454 0.996181198669 0.996181198669
70 0.199466827751 0.797749041302 0.997215869053 0.997215869053
71 0.202952877785 0.795134503777 0.998087381561 0.998087381561
72 0.205785204434 0.79301025879 0.998795463224 0.998795463224
73 0.207963907155 0.791376231749 0.999340138904 0.999340138904
74 0.209490262474 0.79023146526 0.999721727734 0.999721727734
75 0.210366707227 0.789574131695 0.999940838922 0.999940838922
76 0.210596819357 0.789401547598 0.999998366954 0.999998366954
77 0.210185296354 0.78971018985 0.999895486204 0.999895486204
78 0.10521304035 0.894602653882 0.999815694232 0.999815694232
79 0.104369705726 0.89523515485 0.999604860576 0.999604860576
80 0.103213920955 0.896101993428 0.999315914383 0.999315914383
81 0.101750171237 0.897199805716 0.998949976954 0.998949976954
82 0.0999834343177 0.898524858406 0.998508292724 0.998508292724
83 0.0979191633918 0.900073061601 0.997992224992 0.997992224992
84 0.095563269128 0.901839982298 0.997403251426 0.997403251426
85 0.0929221008745 0.903820858488 0.996742959363 0.996742959363
86 0.090002427102 0.906010613818 0.99601304092 0.99601304092
87 0.0868114151399 0.908403872789 0.995215287929 0.995215287929
88 0.0100531935736 0.989265581602 0.999318775176 0.999318775176
89 0.0096056664284 0.989601226961 0.999206893389 0.999206893389
90 0.00912827093681 0.98995927358 0.999087544517 0.999087544517
91 0.00862203803559 0.990338948256 0.998960986291 0.998960986291
92 0.00808803351968 0.990739451643 0.998827485162 0.998827485162
93 0.00752735523949 0.991159960353 0.998687315592 0.998687315592
94 0.00694113026474 0.991599629084 0.998540759348 0.998540759348
95 0.00633051202242 0.992057592765 0.998388104788 0.998388104788
96 -0.0306824805314 1.04021766113 1.00953518059 1.00953518059
97 -0.0271500334318 1.0375683258 1.01041829237 1.01041829237
98 -0.0235055370087 1.03483495348 1.01132941647 1.01132941647
99 -0.019755616 1.03202251273 1.01226689673 1.01226689673
100 -0.0159069593751 1.02913602026 1.01322906088 1.01322906088
101 -0.0119663049401 1.02618052943 1.01421422449 1.01421422449
102 -0.00794042408769 1.02316111879 1.01522069471 1.01522069471
103 -0.00777288695811 1.04069280996 1.03291992301 1.03291992301
104 0.000688626140607 1.03434667514 1.03503530128 1.03503530128
105 0.00928156199446 1.02790197325 1.03718353524 1.03718353524
106 0.0179922284542 1.0213689734 1.03936120186 1.03936120186
107 0.0268070128389 1.01475788512 1.04156489796 1.04156489796
108 0.0357124095417 1.00807883759 1.04379124713 1.04379124713
109 0.0446950468475 1.00134185961 1.04603690646 1.04603690646
110 0.0771050871248 0.992190539604 1.06929562673 1.06929562673
111 0.0901578246568 0.982400986455 1.07255881111 1.07255881111
112 0.103265345916 0.97257034551 1.07583569143 1.07583569143
113 0.116409593565 0.962712159774 1.07912175334 1.07912175334
114 0.129572874829 0.952839698826 1.08241257365 1.08241257365
115 0.142737891488 0.942965936331 1.08570382782 1.08570382782
116 0.155887768204 0.933103528794 1.088991297 1.088991297
117 0.212706740348 0.903423029025 1.11612976937 1.11612976937
118 0.229157307904 0.891085103358 1.12024241126 1.12024241126
119 0.245528621424 0.878806618218 1.12433523964 1.12433523964
120 0.261801883612 0.866601671577 1.12840355519 1.12840355519
121 0.277958974273 0.854483853581 1.13244282785 1.13244282785
122 0.293982472267 0.842466230086 1.13644870235 1.13644870235
123 0.363959153944 0.80097587144 1.16493502538 1.16493502538
124 0.382408662191 0.787138740255 1.16954740245 1.16954740245
125 0.400645004 0.773461483899 1.1741064879 1.1741064879
126 0.41865120147 0.759956835796 1.17860803727 1.17860803727
127 0.436411183738 0.746636849095 1.18304803283 1.18304803283
128 0.453909795519 0.733512890259 1.18742268578 1.18742268578
129 0.530477767642 0.685401222245 1.21587898989 1.21587898989
130 0.549544917562 0.671100859805 1.22064577737 1.22064577737
131 0.568272814901 0.657054936801 1.2253277517 1.2253277517
132 0.586648551363 0.643273134454 1.22992168582 1.22992168582
133 0.60466025014 0.629764360372 1.23442461051 1.23442461051
134 0.622297056866 0.616536755327 1.23883381219 1.23883381219
135 0.700030120735 0.56611066083 1.26614078156 1.26614078156
136 0.718482883776 0.552271088549 1.27075397233 1.27075397233
137 0.736496228071 0.538761080328 1.2752573084 1.2752573084
138 0.754062588181 0.525586310245 1.27964889843 1.27964889843
139 0.771175422584 0.512751684443 1.28392710703 1.28392710703
140 0.78782918623 0.500261361709 1.28809054794 1.28809054794
141 0.804019300592 0.488118775937 1.29213807653 1.29213807653
142 0.879475062338 0.43816764929 1.31764271163 1.31764271163
143 0.89583928392 0.425894483103 1.32173376702 1.32173376702
144 0.911697197457 0.41400104795 1.32569824541 1.32569824541
145 0.927047668412 0.402488194734 1.32953586315 1.32953586315
146 0.941890403307 0.391356143562 1.33324654687 1.33324654687
147 0.95622590465 0.380604517555 1.33683042221 1.33683042221
148 1.02547709081 0.334252195389 1.3597292862 1.3597292862
149 1.03956390022 0.323687088328 1.36325098855 1.36325098855
150 1.05312063888 0.313519534334 1.36664017321 1.36664017321
151 1.0661506972 0.303746990592 1.36989768779 1.36989768779
152 1.07865804792 0.294366477555 1.37302452547 1.37302452547
153 1.09064719142 0.285374619927 1.37602181135 1.37602181135
154 1.10212310066 0.276767687998 1.37889078866 1.37889078866
155 1.16352107532 0.235402054461 1.39892312978 1.39892312978
156 1.17446122137 0.227196944923 1.40165816629 1.40165816629
157 1.18488285996 0.219380715981 1.40426357594 1.40426357594
158 1.1947925866 0.211948420997 1.4067410076 1.4067410076
159 1.20419720268 0.204894958941 1.40909216162 1.40909216162
160 1.21310365922 0.198215116537 1.41131877575 1.41131877575
161 1.22151900166 0.191903609703 1.41342261136 1.41342261136
162 1.22945031575 0.185955124137 1.41540543989 1.41540543989
163 1.2816338605 0.150724532381 1.43235839288 1.43235839288
164 1.28887084552 0.145296793614 1.43416763914 1.43416763914
165 1.2956280361 0.140228900683 1.43585693678 1.43585693678
166 1.30191241075 0.135515619694 1.43742803044 1.43742803044
167 1.3077307337 0.131151877482 1.43888261118 1.43888261118
168 1.31308950973 0.127132795458 1.44022230519 1.44022230519
169 1.3179949415 0.123453721635 1.44144866313 1.44144866313
170 1.32245288935 0.120110260744 1.44256315009 1.44256315009
171 1.3264688339 0.117098302332 1.44356713623 1.44356713623
172 1.33004784136 0.114414046738 1.4444618881 1.4444618881
173 1.33319453183 0.112054028881 1.44524856072 1.44524856072
174 1.33591305068 0.110015139749 1.44592819043 1.44592819043
175 1.33820704295 0.108294645546 1.44650168849 1.44650168849
176 1.34007963112 0.106890204413 1.44696983554 1.44696983554
177 1.34153339611 0.105799880673 1.44733327678 1.44733327678
178 1.34257036161 0.105022156552 1.44759251816 1.44759251816
179 1.34319198189 0.104555941339 1.44774792323 1.44774792323
180 1.34339913308 0.104400577949 1.44779971103 1.44779971103
