0 0.351675168865 0.765549887423 1.11722505629 1.11722505629
1 0.351463444112 0.765708680988 1.1171721251 1.1171721251
2 0.350828672981 0.766184759336 1.11701343232 1.11701343232
3 0.349772063985 0.766977216083 1.11674928007 1.11674928007
4 0.348295628417 0.76808454276 1.11638017118 1.11638017118
5 0.346402176007 0.769504632067 1.11590680807 1.11590680807
6 0.344095308866 0.771234782422 1.11533009129 1.11533009129
7 0.34137941372 0.773271703782 1.1146511175 1.1146511175
8 0.338259652452 0.775611524733 1.11387117719 1.11387117719
9 0.334741950993 0.778249800828 1.11299175182 1.11299175182
10 0.330832986555 0.781181524156 1.11201451071 1.11201451071
11 0.326540173281 0.784401134112 1.11094130739 1.11094130739
12 0.321871646298 0.787902529348 1.10977417565 1.10977417565
13 0.316836244261 0.791679080877 1.10851532514 1.10851532514
14 0.311443490381 0.795723646287 1.10716713667 1.10716713667
15 0.305703572028 0.800028585051 1.10573215708 1.10573215708
16 0.299627318924 0.804585774879 1.1042130938 1.1042130938
17 0.293226179995 0.809386629076 1.10261280907 1.10261280907
18 0.286512198938 0.814422114869 1.10093431381 1.10093431381
19 0.279497988552 0.819682772658 1.09918076121 1.09918076121
20 0.272196703902 0.825158736145 1.09735544005 1.09735544005
21 0.264622014386 0.830839753283 1.09546176767 1.09546176767
22 0.256788074747 0.836715208012 1.09350328276 1.09350328276
23 0.248709495141 0.842774142716 1.09148363786 1.09148363786
24 0.240401310283 0.84900528136 1.08940659164 1.08940659164
25 0.231878947788 0.855397053231 1.08727600102 1.08727600102
26 0.223158195757 0.861937617254 1.08509581301 1.08509581301
27 0.214255169686 0.868614886807 1.08287005649 1.08287005649
28 0.205186278796 0.875416554975 1.08060283377 1.08060283377
29 0.195968191832 0.882330120198 1.07829831203 1.07829831203
30 0.186617802445 0.889342912238 1.07596071468 1.07596071468
31 0.177152194214 0.896442118412 1.07359431263 1.07359431263
32 0.167588605398 0.903614810023 1.07120341542 1.07120341542
33 0.157944393507 0.910847968942 1.06879236245 1.06879236245
34 0.148236999762 0.91812851425 1.06636551401 1.06636551401
35 0.138483913538 0.925443328919 1.06392724246 1.06392724246
36 0.333544017025 0.82579170575 1.15933572278 1.15933572278
37 0.308167233606 0.844824293314 1.15299152692 1.15299152692
38 0.282807840736 0.863843837967 1.1466516787 1.1466516787
39 0.257510747622 0.882816657803 1.14032740542 1.14032740542
40 0.232320534083 0.901709317957 1.13402985204 1.13402985204
41 0.207281362493 0.920488696649 1.12777005914 1.12777005914
42 0.182436891116 0.939122050182 1.1215589413 1.1215589413
43 0.157830189029 0.957577076747 1.11540726578 1.11540726578
44 0.133503652837 0.975821978891 1.10932563173 1.10932563173
45 0.109498925348 0.993825524508 1.10332444986 1.10332444986
46 0.0858568163912 1.01155710623 1.09741392262 1.09741392262
47 0.0626172259638 1.02898679905 1.09160402501 1.09160402501
48 0.0398190698546 1.04608541613 1.08590448598 1.08590448598
49 0.0175002079178 1.06282456258 1.0803247705 1.0803247705
50 -0.00430262485621 1.07917668716 1.0748740623 1.0748740623
51 -0.0255538843272 1.09511513176 1.06956124744 1.06956124744
52 -0.0462192801118 1.1106141786 1.06439489849 1.06439489849
53 -0.0662658352821 1.12564909498 1.0593832597 1.0593832597
54 -0.122249884588 1.20007678715 1.07782690256 1.07782690256
55 -0.148959116639 1.22010871118 1.07114959455 1.07114959455
56 -0.174656029198 1.2393813956 1.06472536641 1.06472536641
57 -0.199301812732 1.25786573325 1.05856392052 1.05856392052
58 -0.222859883935 1.27553428666 1.05267440272 1.05267440272
59 -0.245295940304 1.29236132893 1.04706538863 1.04706538863
60 -0.266578009236 1.30832288063 1.0417448714 1.0417448714
61 -0.286676491527 1.32339674235 1.03672025082 1.03672025082
62 -0.305564199254 1.33756252315 1.03199832389 1.03199832389
63 -0.323216387956 1.35080166467 1.02758527672 1.02758527672
64 -0.339610783104 1.36309746103 1.02348667793 1.02348667793
65 -0.354727600833 1.37443507433 1.0197074735 1.0197074735
66 -0.368549562933 1.3848015459 1.01625198297 1.01625198297
67 -0.436154159533 1.45117545201 1.01502129248 1.01502129248
68 -0.44896250924 1.46078171429 1.01181920505 1.01181920505
69 -0.46024675101 1.46924489562 1.00899814461 1.00899814461
70 -0.469998621221 1.47655879827 1.00656017705 1.00656017705
71 -0.478212712395 1.48271936665 1.00450665426 1.00450665426
72 -0.484886451758 1.48772467118 1.00283821942 1.00283821942
73 -0.490020073656 1.4915748876 1.00155481395 1.00155481395
74 -0.493616585936 1.49427227181 1.00065568587 1.00065568587
75 -0.495681730451 1.4958211302 1.00013939975 1.00013939975
76 -0.496223937821 1.49622778572 1.0000038479 1.0000038479
77 -0.495254276619 1.49550053982 1.0002462632 1.0002462632
78 -0.475219457119 1.47605191749 1.00083246038 1.00083246038
79 -0.471410337819 1.47319507802 1.0017847402 1.0017847402
80 -0.466189963908 1.46927979759 1.00308983368 1.00308983368
81 -0.459578593833 1.46432127003 1.0047426762 1.0047426762
82 -0.451598710759 1.45833635772 1.00673764696 1.00673764696
83 -0.442274945326 1.45134353365 1.00906858832 1.00906858832
84 -0.431633994458 1.4433628205 1.01172882604 1.01172882604
85 -0.41970453648 1.43441572701 1.01471119053 1.01471119053
86 -0.406517142783 1.42452518174 1.01800803896 1.01800803896
87 -0.392104186298 1.41371546438 1.02161127808 1.02161127808
88 -0.293213761026 1.31308252127 1.01986876025 1.01986876025
89 -0.280161081155 1.30329301137 1.02313193022 1.02313193022
90 -0.266237254208 1.29285014116 1.02661288695 1.02661288695
91 -0.251472348724 1.28177646205 1.03030411332 1.03030411332
92 -0.235897449925 1.27009528795 1.03419783802 1.03419783802
93 -0.219544577969 1.25783063398 1.03828605601 1.03828605601
94 -0.202446605231 1.24500715443 1.0425605492 1.0425605492
95 -0.184637172827 1.23165008012 1.0470129073 1.0470129073
96 -0.0888438180383 1.11645377118 1.02760995314 1.02760995314
97 -0.0786153071127 1.10878238798 1.03016708087 1.03016708087
98 -0.0680623475262 1.10086766829 1.03280532077 1.03280532077
99 -0.0572041217902 1.09272399899 1.0355198772 1.0355198772
100 -0.0460599984026 1.08436590645 1.03830590805 1.03830590805
101 -0.0346494872735 1.0758080231 1.04115853583 1.04115853583
102 -0.0229921955649 1.06706505432 1.04407285876 1.04407285876
103 -0.000847630016241 1.00443753362 1.0035899036 1.0035899036
104 7.50943876957e-05 1.00374549031 1.0038205847 1.0038205847
105 0.00101215038717 1.00304269831 1.0040548487 1.0040548487
106 0.00196204485915 1.00233027746 1.00429232232 1.00429232232
107 0.00292329334654 1.00160934109 1.00453263444 1.00453263444
108 0.00389442306867 1.0008809938 1.00477541687 1.00477541687
109 0.00487397584572 1.00014632922 1.00502030507 1.00502030507
110 -0.0469556524677 1.0047558251 0.957800172627 0.957800172627
111 -0.0549045418362 1.01071749212 0.955812950285 0.955812950285
112 -0.0628867935387 1.0167041809 0.95381738736 0.95381738736
113 -0.0708914109712 1.02270764397 0.951816233002 0.951816233002
114 -0.0789076195436 1.0287198004 0.949812180859 0.949812180859
115 -0.0869248849411 1.03473274945 0.947807864509 0.947807864509
116 -0.0949329303775 1.04073878353 0.94580585315 0.94580585315
117 -0.161511595356 1.07333242299 0.911820827638 0.911820827638
118 -0.174002771734 1.08270080528 0.908698033544 0.908698033544
119 -0.186433769267 1.09202405343 0.90559028416 0.90559028416
120 -0.198790314873 1.10129146263 0.902501147759 0.902501147759
121 -0.211058649598 1.11049271368 0.899434064077 0.899434064077
122 -0.223225545297 1.11961788545 0.896392340153 0.896392340153
123 -0.25521642516 1.13956023928 0.884343814117 0.884343814117
124 -0.268153639377 1.14926314994 0.881109510563 0.881109510563
125 -0.280941376446 1.15885395274 0.877912576296 0.877912576296
126 -0.293567731077 1.16832371871 0.874755987638 0.874755987638
127 -0.306021434016 1.17766399592 0.871642561903 0.871642561903
128 -0.318291858035 1.18686681393 0.868574955898 0.868574955898
129 -0.314060451603 1.18625292188 0.872192470277 0.872192470277
130 -0.325348837431 1.19471921125 0.869370373819 0.869370373819
131 -0.336436374468 1.20303486403 0.86659848956 0.86659848956
132 -0.347315420573 1.21119414861 0.863878728034 0.863878728034
133 -0.357978944282 1.21919179139 0.861212847107 0.861212847107
134 -0.368420519448 1.22702297276 0.858602453315 0.858602453315
135 -0.346075724233 1.214503009 0.86842728477 0.86842728477
136 -0.355198265027 1.2213449146 0.866146649571 0.866146649571
137 -0.364103569225 1.22802389275 0.863920323522 0.863920323522
138 -0.372787896681 1.23453713834 0.861749241658 0.861749241658
139 -0.381248013444 1.24088222591 0.859634212467 0.859634212467
140 -0.389481178196 1.24705709948 0.857575921279 0.857575921279
141 -0.397485127437 1.25306006141 0.855574933969 0.855574933969
142 -0.369162145393 1.2358307186 0.866668573204 0.866668573204
143 -0.376031073696 1.24098241482 0.864951341128 0.864951341128
144 -0.382687477764 1.24597471788 0.863287240111 0.863287240111
145 -0.389130881373 1.25080727058 0.861676389209 0.861676389209
146 -0.395361161334 1.25547998055 0.860118819219 0.860118819219
147 -0.401378528577 1.25999300599 0.858614477408 0.858614477408
148 -0.372100980432 1.24157088738 0.86946990695 0.86946990695
149 -0.377212470139 1.24540450466 0.868192034523 0.868192034523
150 -0.382131620251 1.24909386725 0.866962246995 0.866962246995
151 -0.386859661005 1.25263989781 0.865780236807 0.865780236807
152 -0.39139803393 1.25604367751 0.864645643576 0.864645643576
153 -0.395748372024 1.25930643108 0.863558059052 0.863558059052
154 -0.399912479752 1.26242951187 0.86251703212 0.86251703212
155 -0.36983968319 1.24303699172 0.873197308528 0.873197308528
156 -0.373317145038 1.2456450881 0.872327943066 0.872327943066
157 -0.376629792824 1.24812957394 0.87149978112 0.87149978112
158 -0.379779723015 1.25049202159 0.870712298572 0.870712298572
159 -0.382769097513 1.25273405246 0.869964954948 0.869964954948
160 -0.385600125789 1.25485732367 0.869257197879 0.869257197879
161 -0.388275047327 1.25686351482 0.868588467494 0.868588467494
162 -0.390796114415 1.25875431514 0.867958200722 0.867958200722
163 -0.360366794181 1.23879727828 0.878430484102 0.878430484102
164 -0.362401672606 1.2403234371 0.877921764495 0.877921764495
165 -0.364301643557 1.24174841531 0.877446771758 0.877446771758
166 -0.36606866924 1.24307368458 0.877005015337 0.877005015337
167 -0.3677046516 1.24430067135 0.876596019747 0.876596019747
168 -0.36921141964 1.24543074738 0.876219327737 0.876219327737
169 -0.370590717405 1.2464652207 0.875874503296 0.875874503296
170 -0.371844192696 1.24740532717 0.875561134473 0.875561134473
171 -0.372973386538 1.24825222255 0.875278836012 0.875278836012
172 -0.373979723436 1.24900697522 0.875027251788 0.875027251788
173 -0.374864502463 1.24967055949 0.874806057031 0.874806057031
174 -0.375628889196 1.25024384954 0.874614960348 0.874614960348
175 -0.376273908547 1.25072761406 0.87445370551 0.87445370551
176 -0.376800438486 1.25112251151 0.874322073025 0.874322073025
177 -0.377209204705 1.25142908618 0.874219881471 0.874219881471
178 -0.377500776224 1.25164776481 0.874146988591 0.874146988591
179 -0.377675561953 1.25177885411 0.874103292159 0.874103292159
180 -0.377733808236 1.25182253882 0.874088730588 0.874088730588
