1	2		3		4			5		  6		   7	8			9			10			11			12
#	<x>		xdx		dAzz		db1d	  w_ave	   qq	Ntotal		sys_Azz		sys_b1s		Azz			b1d





2   0.16    0.07  0.248E-02  0.307E-02    2.65    1.17  0.802E+09  0.437E-02  0.541E-02 -0.439E-02  0.581E-02
2   0.28    0.04  0.363E-02  0.254E-02    2.35    1.76  0.375E+09  0.455E-02  0.319E-02  0.340E-02 -0.254E-02
2   0.36    0.04  0.399E-02  0.184E-02    2.18    2.18  0.309E+09  0.419E-02  0.193E-02  0.797E-02 -0.379E-02
2   0.49    0.09  0.375E-02  0.845E-03    2.04    3.17  0.350E+09  0.352E-02  0.794E-03  0.136E-01 -0.273E-02
2  10.00    0.00   Infinity        NaN     Inf    -Inf  0.000E+00        NaN        NaN  0.000E+00  0.000E+00
