0.001 602000
0.002 149000
0.003 64333.3
0.004 35500
0.005 22400
0.006 15450
0.007 11271.4
0.008 8575
0.009 6755.56
0.010 5440
0.011 4500
0.012 3766.67
0.013 3207.69
0.014 2764.29
0.015 2400
0.016 2112.5
0.017 1864.71
0.018 1661.11
0.019 1494.74
0.020 1345
0.021 1219.05
0.022 1109.09
0.023 1017.39
0.024 933.333
0.025 860
0.026 796.154
0.027 737.037
0.028 685.714
0.029 641.379
0.030 596.667
0.031 558.065
0.032 525
0.033 493.939
0.034 464.706
0.035 440
0.036 413.889
0.037 391.892
0.038 373.684
0.039 353.846
0.040 337.5
0.041 319.512
0.042 304.762
0.043 290.698
0.044 277.273
0.045 266.667
0.046 254.348
0.047 244.681
0.048 233.333
0.049 224.49
0.050 216
0.051 207.843
0.052 198.077
0.053 192.453
0.054 184.63
0.055 178
0.056 171.786
0.057 165.789
0.058 160
0.059 154.576
0.060 149.333
0.061 144.59
0.062 140
0.063 135.556
0.064 131.406
0.065 127.385
0.066 123.485
0.067 119.851
0.068 116.324
0.069 112.899
0.070 109.714
0.071 106.62
0.072 103.611
0.073 100.822
0.074 98.1081
0.075 95.4667
0.076 93.0263
0.077 90.5195
0.078 88.2051
0.079 85.9494
0.080 83.75
0.081 81.7284
0.082 79.7561
0.083 77.8313
0.084 75.9524
0.085 74.1176
0.086 72.4419
0.087 70.6897
0.088 69.0909
0.089 67.5281
0.090 66
0.091 64.5055
0.092 63.1522
0.093 61.7204
0.094 60.4255
0.095 59.1579
0.096 57.9167
0.097 56.701
0.098 55.5102
0.099 54.3434
0.100 53.2
0.101 52.1782
0.102 51.0784
0.103 50.0971
0.104 49.1346
0.105 48.1905
0.106 47.2642
0.107 46.3551
0.108 45.463
0.109 44.5872
0.110 43.7273
0.111 42.973
0.112 42.1429
0.113 41.4159
0.114 40.614
0.115 39.913
0.116 39.2241
0.117 38.547
0.118 37.7966
0.119 37.1429
0.120 36.5833
0.121 35.9504
0.122 35.3279
0.123 34.7154
0.124 34.1129
0.125 33.52
0.126 33.0159
0.127 32.4409
0.128 31.9531
0.129 31.3953
0.130 30.9231
0.131 30.3817
0.132 29.9242
0.133 29.4737
0.134 29.0299
0.135 28.5185
0.136 28.0882
0.137 27.6642
0.138 27.2464
0.139 26.8345
0.140 26.4286
0.141 26.0284
0.142 25.6338
0.143 25.2448
0.144 24.8611
0.145 24.5517
0.146 24.1781
0.147 23.8095
0.148 23.4459
0.149 23.1544
0.150 22.8
0.151 22.5166
0.152 22.1711
0.153 21.8301
0.154 21.5584
0.155 21.2258
0.156 20.9615
0.157 20.7006
0.158 20.3797
0.159 20.1258
0.160 19.8125
0.161 19.5652
0.162 19.321
0.163 19.0798
0.164 18.7805
0.165 18.5455
0.166 18.3133
0.167 18.0838
0.168 17.8571
0.169 17.6331
0.170 17.4118
0.171 17.1345
0.172 16.9186
0.173 16.7052
0.174 16.4943
0.175 16.2857
0.176 16.0795
0.177 15.8757
0.178 15.7303
0.179 15.5307
0.180 15.3333
0.181 15.1381
0.182 14.9451
0.183 14.7541
0.184 14.5652
0.185 14.4324
0.186 14.2473
0.187 14.0642
0.188 13.883
0.189 13.7037
0.190 13.5789
0.191 13.4031
0.192 13.2292
0.193 13.1088
0.194 12.9381
0.195 12.7692
0.196 12.6531
0.197 12.4873
0.198 12.3737
0.199 12.2111
0.200 12.05
0.201 11.9403
0.202 11.7822
0.203 11.6749
0.204 11.5196
0.205 11.4146
0.206 11.2621
0.207 11.1594
0.208 11.0096
0.209 10.9091
0.210 10.8095
0.211 10.6635
0.212 10.566
0.213 10.4225
0.214 10.3271
0.215 10.2326
0.216 10.0926
0.217 10
0.218 9.86239
0.219 9.77169
0.220 9.68182
0.221 9.54751
0.222 9.45946
0.223 9.3722
0.224 9.28571
0.225 9.15556
0.226 9.0708
0.227 8.98678
0.228 8.90351
0.229 8.77729
0.230 8.69565
0.231 8.61472
0.232 8.53448
0.233 8.41202
0.234 8.33333
0.235 8.25532
0.236 8.17797
0.237 8.10127
0.238 8.02521
0.239 7.90795
0.240 7.83333
0.241 7.75934
0.242 7.68595
0.243 7.61317
0.244 7.54098
0.245 7.46939
0.246 7.39837
0.247 7.32794
0.248 7.25806
0.249 7.14859
0.250 7.08
0.251 7.01195
0.252 6.94444
0.253 6.87747
0.254 6.81102
0.255 6.7451
0.256 6.67969
0.257 6.61479
0.258 6.55039
0.259 6.48649
0.260 6.42308
0.261 6.36015
0.262 6.29771
0.263 6.23574
0.264 6.17424
0.265 6.11321
0.266 6.05263
0.267 5.99251
0.268 5.97015
0.269 5.91078
0.270 5.85185
0.271 5.79336
0.272 5.73529
0.273 5.67766
0.274 5.62044
0.275 5.56364
0.276 5.50725
0.277 5.45126
0.278 5.39568
0.279 5.37634
0.280 5.32143
0.281 5.2669
0.282 5.21277
0.283 5.15901
0.284 5.10563
0.285 5.05263
0.286 5.03497
0.287 4.98258
0.288 4.93056
0.289 4.87889
0.290 4.82759
0.291 4.77663
0.292 4.76027
0.293 4.7099
0.294 4.65986
0.295 4.61017
0.296 4.56081
0.297 4.54545
0.298 4.49664
0.299 4.44816
0.300 4.4
0.301 4.38538
0.302 4.33775
0.303 4.29043
0.304 4.24342
0.305 4.22951
0.306 4.18301
0.307 4.13681
0.308 4.09091
0.309 4.07767
0.310 4.03226
0.311 3.98714
0.312 3.94231
0.313 3.92971
0.314 3.88535
0.315 3.84127
0.316 3.82911
0.317 3.78549
0.318 3.74214
0.319 3.73041
0.320 3.6875
0.321 3.64486
0.322 3.60248
0.323 3.59133
0.324 3.54938
0.325 3.50769
0.326 3.49693
0.327 3.45566
0.328 3.41463
0.329 3.40426
0.330 3.36364
0.331 3.35347
0.332 3.31325
0.333 3.27327
0.334 3.26347
0.335 3.22388
0.336 3.18452
0.337 3.17507
0.338 3.13609
0.339 3.09735
0.340 3.08824
0.341 3.04985
0.342 3.04094
0.343 3.00292
0.344 2.96512
0.345 2.95652
0.346 2.91908
0.347 2.91066
0.348 2.87356
0.349 2.851
0.350 2.82571
0.351 2.80057
0.352 2.77557
0.353 2.75354
0.354 2.72881
0.355 2.70423
0.356 2.68258
0.357 2.65826
0.358 2.63408
0.359 2.61281
0.360 2.58889
0.361 2.56787
0.362 2.5442
0.363 2.52342
0.364 2.50275
0.365 2.47945
0.366 2.45902
0.367 2.43597
0.368 2.41576
0.369 2.39566
0.370 2.37568
0.371 2.3531
0.372 2.33333
0.373 2.31367
0.374 2.29412
0.375 2.27467
0.376 2.25532
0.377 2.23342
0.378 2.21429
0.379 2.19525
0.380 2.17632
0.381 2.15748
0.382 2.14136
0.383 2.12272
0.384 2.10417
0.385 2.08571
0.386 2.06736
0.387 2.0491
0.388 2.03093
0.389 2.01542
0.390 1.99744
0.391 1.97954
0.392 1.96429
0.393 1.94656
0.394 1.92893
0.395 1.91392
0.396 1.89646
0.397 1.87909
0.398 1.86432
0.399 1.84712
0.400 1.8325
0.401 1.81546
0.402 1.801
0.403 1.78412
0.404 1.7698
0.405 1.75556
0.406 1.73892
0.407 1.72482
0.408 1.71078
0.409 1.69438
0.410 1.68049
0.411 1.66667
0.412 1.65049
0.413 1.6368
0.414 1.62319
0.415 1.60964
0.416 1.59615
0.417 1.58273
0.418 1.56699
0.419 1.5537
0.420 1.54048
0.421 1.52732
0.422 1.51422
0.423 1.50118
0.424 1.48821
0.425 1.47529
0.426 1.46244
0.427 1.44965
0.428 1.43692
0.429 1.42424
0.430 1.41395
0.431 1.40139
0.432 1.38889
0.433 1.37644
0.434 1.36406
0.435 1.35402
0.436 1.34174
0.437 1.32952
0.438 1.31735
0.439 1.30752
0.440 1.29545
0.441 1.28345
0.442 1.27376
0.443 1.26185
0.444 1.25
0.445 1.24045
0.446 1.2287
0.447 1.21924
0.448 1.20759
0.449 1.19822
0.450 1.18667
0.451 1.17738
0.452 1.16593
0.453 1.15673
0.454 1.14537
0.455 1.13626
0.456 1.125
0.457 1.11597
0.458 1.10699
0.459 1.09586
0.460 1.08696
0.461 1.07809
0.462 1.0671
0.463 1.05832
0.464 1.04957
0.465 1.04086
0.466 1.03004
0.467 1.02141
0.468 1.01282
0.469 1.00426
0.470 0.995745
0.471 0.987261
0.472 0.976695
0.473 0.968288
0.474 0.959916
0.475 0.951579
0.476 0.943277
0.477 0.93501
0.478 0.926778
0.479 0.91858
0.480 0.910417
0.481 0.902287
0.482 0.894191
0.483 0.886128
0.484 0.878099
0.485 0.870103
0.486 0.86214
0.487 0.854209
0.488 0.846311
0.489 0.840491
0.490 0.832653
0.491 0.824847
0.492 0.817073
0.493 0.809331
0.494 0.803644
0.495 0.79596
0.496 0.788306
0.497 0.780684
0.498 0.7751
0.499 0.767535
0.500 0.76
0.501 0.752495
0.502 0.747012
0.503 0.739563
0.504 0.732143
0.505 0.726733
0.506 0.719368
0.507 0.714004
0.508 0.706693
0.509 0.699411
0.510 0.694118
0.511 0.686888
0.512 0.681641
0.513 0.674464
0.514 0.669261
0.515 0.662136
0.516 0.656977
0.517 0.649903
0.518 0.644788
0.519 0.637765
0.520 0.632692
0.521 0.627639
0.522 0.62069
0.523 0.615679
0.524 0.608779
0.525 0.60381
0.526 0.598859
0.527 0.59203
0.528 0.587121
0.529 0.582231
0.530 0.575472
0.531 0.570621
0.532 0.565789
0.533 0.560976
0.534 0.554307
0.535 0.549533
0.536 0.544776
0.537 0.540037
0.538 0.533457
0.539 0.528757
0.540 0.524074
0.541 0.519409
0.542 0.51476
0.543 0.510129
0.544 0.503676
0.545 0.499083
0.546 0.494505
0.547 0.489945
0.548 0.485401
0.549 0.480874
0.550 0.476364
0.551 0.471869
0.552 0.467391
0.553 0.462929
0.554 0.458484
0.555 0.454054
0.556 0.44964
0.557 0.445242
0.558 0.44086
0.559 0.436494
0.560 0.432143
0.561 0.427807
0.562 0.423488
0.563 0.419183
0.564 0.414894
0.565 0.412389
0.566 0.408127
0.567 0.40388
0.568 0.399648
0.569 0.395431
0.570 0.391228
0.571 0.38704
0.572 0.384615
0.573 0.380454
0.574 0.376307
0.575 0.372174
0.576 0.368056
0.577 0.365685
0.578 0.361592
0.579 0.357513
0.580 0.355172
0.581 0.351119
0.582 0.347079
0.583 0.343053
0.584 0.340753
0.585 0.336752
0.586 0.332765
0.587 0.330494
0.588 0.326531
0.589 0.324278
0.590 0.320339
0.591 0.316413
0.592 0.314189
0.593 0.310287
0.594 0.306397
0.595 0.304202
0.596 0.300336
0.597 0.298157
0.598 0.294314
0.599 0.292154
0.600 0.288333
0.601 0.28619
0.602 0.282392
0.603 0.280265
0.604 0.27649
0.605 0.27438
0.606 0.270627
0.607 0.268534
0.608 0.264803
0.609 0.262726
0.610 0.259016
0.611 0.256956
0.612 0.254902
0.613 0.251223
0.614 0.249186
0.615 0.245528
0.616 0.243506
0.617 0.241491
0.618 0.237864
0.619 0.235864
0.620 0.233871
0.621 0.230274
0.622 0.228296
0.623 0.226324
0.624 0.222756
0.625 0.2208
0.626 0.21885
0.627 0.216906
0.628 0.213376
0.629 0.211447
0.630 0.209524
0.631 0.207607
0.632 0.204114
0.633 0.202212
0.634 0.200315
0.635 0.198425
0.636 0.194969
0.637 0.193093
0.638 0.191223
0.639 0.189358
0.640 0.1875
0.641 0.185647
0.642 0.182243
0.643 0.180404
0.644 0.178571
0.645 0.176744
0.646 0.174923
0.647 0.173107
0.648 0.171296
0.649 0.169492
0.650 0.166154
0.651 0.164363
0.652 0.162577
0.653 0.160796
0.654 0.159021
0.655 0.157252
0.656 0.155488
0.657 0.153729
0.658 0.151976
0.659 0.150228
0.660 0.148485
0.661 0.146747
0.662 0.145015
0.663 0.143288
0.664 0.141566
0.665 0.13985
0.666 0.138288
0.667 0.136582
0.668 0.13503
0.669 0.133333
0.670 0.131791
0.671 0.130104
0.672 0.128571
0.673 0.127043
0.674 0.125519
0.675 0.124
0.676 0.122485
0.677 0.120975
0.678 0.119469
0.679 0.117968
0.680 0.116618
0.681 0.115125
0.682 0.113636
0.683 0.112299
0.684 0.110819
0.685 0.109489
0.686 0.108163
0.687 0.106696
0.688 0.105378
0.689 0.104064
0.690 0.102754
0.691 0.101447
0.692 0.100145
0.693 0.0988456
0.694 0.0976945
0.695 0.0964029
0.696 0.0951149
0.697 0.0939742
0.698 0.0926934
0.699 0.0915594
0.700 0.0902857
0.701 0.0891583
0.702 0.0880342
0.703 0.086771
0.704 0.0856534
0.705 0.084539
0.706 0.0834278
0.707 0.0823197
0.708 0.0812147
0.709 0.0801128
0.710 0.0790141
0.711 0.0780591
0.712 0.0769663
0.713 0.0758766
0.714 0.07493
0.715 0.0738462
0.716 0.072905
0.717 0.0718271
0.718 0.0708914
0.719 0.0699583
0.720 0.0690278
0.721 0.0679612
0.722 0.067036
0.723 0.0661134
0.724 0.0651934
0.725 0.0642759
0.726 0.0633609
0.727 0.0624484
0.728 0.0616758
0.729 0.0607682
0.730 0.059863
0.731 0.0590971
0.732 0.0581967
0.733 0.0572988
0.734 0.0565395
0.735 0.0556463
0.736 0.0548913
0.737 0.0541384
0.738 0.053252
0.739 0.0525034
0.740 0.0517568
0.741 0.0510121
0.742 0.0502695
0.743 0.0495289
0.744 0.0487903
0.745 0.0480537
0.746 0.047319
0.747 0.0465863
0.748 0.0459893
0.749 0.0452603
0.750 0.0445333
0.751 0.0438083
0.752 0.0432181
0.753 0.0424967
0.754 0.0419098
0.755 0.0411921
0.756 0.0406085
0.757 0.0398943
0.758 0.039314
0.759 0.0387352
0.760 0.0380263
0.761 0.0374507
0.762 0.0368766
0.763 0.0363041
0.764 0.035733
0.765 0.0351634
0.766 0.0345953
0.767 0.0340287
0.768 0.0334635
0.769 0.0328999
0.770 0.0324675
0.771 0.0319066
0.772 0.0313472
0.773 0.0307891
0.774 0.0303618
0.775 0.0298065
0.776 0.0293814
0.777 0.0288288
0.778 0.0282776
0.779 0.0278562
0.780 0.0274359
0.781 0.0268886
0.782 0.0264706
0.783 0.0260536
0.784 0.0255102
0.785 0.0250955
0.786 0.0246819
0.787 0.0242694
0.788 0.0238579
0.789 0.0234474
0.790 0.023038
0.791 0.0226296
0.792 0.0222222
0.793 0.0218159
0.794 0.0214106
0.795 0.0210063
0.796 0.020603
0.797 0.0202008
0.798 0.0199248
0.799 0.0195244
0.800 0.019125
0.801 0.0187266
0.802 0.0184539
0.803 0.0180573
0.804 0.0177861
0.805 0.0173913
0.806 0.0171216
0.807 0.0167286
0.808 0.0164604
0.809 0.0160692
0.810 0.0158025
0.811 0.0155364
0.812 0.0151478
0.813 0.0148831
0.814 0.0146192
0.815 0.0143558
0.816 0.0140931
0.817 0.0137087
0.818 0.0134474
0.819 0.0131868
0.820 0.0129268
0.821 0.0126675
0.822 0.0124088
0.823 0.0121507
0.824 0.0118932
0.825 0.0116485
0.826 0.0114044
0.827 0.0111608
0.828 0.0109179
0.829 0.0106755
0.830 0.0104458
0.831 0.0102286
0.832 0.010012
0.833 0.00979592
0.834 0.00958034
0.835 0.00937725
0.836 0.00916268
0.837 0.00896057
0.838 0.00877088
0.839 0.00856973
0.840 0.00838095
0.841 0.00818074
0.842 0.00799287
0.843 0.00781732
0.844 0.00763033
0.845 0.00745562
0.846 0.0072695
0.847 0.00710744
0.848 0.00693396
0.849 0.0067609
0.850 0.0066
0.851 0.00643948
0.852 0.00627934
0.853 0.00611958
0.854 0.0059719
0.855 0.00582456
0.856 0.00567757
0.857 0.00554259
0.858 0.00539627
0.859 0.00526193
0.860 0.00513953
0.861 0.00500581
0.862 0.00487239
0.863 0.00475087
0.864 0.00462963
0.865 0.00449711
0.866 0.00437644
0.867 0.00426759
0.868 0.00414747
0.869 0.00403913
0.870 0.00391954
0.871 0.00381171
0.872 0.00370413
0.873 0.00359679
0.874 0.00350114
0.875 0.00339429
0.876 0.00329909
0.877 0.0031927
0.878 0.00309795
0.879 0.00301479
0.880 0.00292045
0.881 0.00283768
0.882 0.0027551
0.883 0.00267271
0.884 0.00260181
0.885 0.00251977
0.886 0.00243792
0.887 0.00236753
0.888 0.0022973
0.889 0.00221597
0.890 0.00214607
0.891 0.00207632
0.892 0.00200673
0.893 0.00194849
0.894 0.00187919
0.895 0.00182123
0.896 0.00175223
0.897 0.00169454
0.898 0.00163697
0.899 0.00157953
0.900 0.00152222
0.901 0.00146504
0.902 0.00140798
0.903 0.00135105
0.904 0.00130531
0.905 0.00125967
0.906 0.00122517
0.907 0.00117971
0.908 0.00113436
0.909 0.00109241
0.910 0.00105055
0.911 0.00101098
0.912 0.000971491
0.913 0.000933187
0.914 0.000896061
0.915 0.000860109
0.916 0.000824236
0.917 0.000789531
0.918 0.000755991
0.919 0.000723613
0.920 0.000691304
0.921 0.000660152
0.922 0.000630152
0.923 0.000600217
0.924 0.000571429
0.925 0.000543784
0.926 0.000517279
0.927 0.000491909
0.928 0.000470905
0.929 0.000449946
0.930 0.000430108
0.931 0.000411386
0.932 0.000392704
0.933 0.000374062
0.934 0.00035546
0.935 0.000337968
0.936 0.000321581
0.937 0.000305229
0.938 0.000288913
0.939 0.00027263
0.940 0.000257447
0.941 0.000243358
0.942 0.000229299
0.943 0.00021527
0.944 0.000202331
0.945 0.000189418
0.946 0.000176533
0.947 0.000164731
0.948 0.000152954
0.949 0.000142255
0.950 0.000131579
0.951 0.000121977
0.952 0.000114496
0.953 0.00010808
0.954 0.000102201
0.955 9.62304e-05
0.956 9.04812e-05
0.957 8.4953e-05
0.958 7.95407e-05
0.959 7.4244e-05
0.960 6.91667e-05
0.961 6.4308e-05
0.962 5.95634e-05
0.963 5.50363e-05
0.964 5.06224e-05
0.965 4.64249e-05
0.966 4.23395e-05
0.967 3.84695e-05
0.968 3.47107e-05
0.969 3.11662e-05
0.970 2.7732e-05
0.971 2.45108e-05
0.972 2.15021e-05
0.973 1.86023e-05
0.974 1.58111e-05
0.975 1.32308e-05
0.976 1.08607e-05
0.977 8.56704e-06
0.978 6.47239e-06
0.979 4.56588e-06
0.980 2.84694e-06
0.981 1.27421e-06
0.982 2.34216e-23
0.983 2.27874e-23
0.984 2.20528e-23
0.985 2.13198e-23
0.986 2.04868e-23
0.987 1.95542e-23
0.988 1.85223e-23
0.989 1.73913e-23
0.990 1.62626e-23
0.991 1.49344e-23
0.992 1.36089e-23
0.993 1.21853e-23
0.994 1.0664e-23
0.995 9.12563e-24
0.996 7.45984e-24
0.997 5.70712e-24
0.998 3.88778e-24
