1   0.250     5.0 -0.139E-03  0.667E-03
2   0.250     5.0 -0.114E-03  0.667E-03
3   0.250     5.0 -0.127E-03  0.667E-03
1   0.300     5.0 -0.275E-10  0.149E-09
2   0.300     5.0 -0.223E-10  0.149E-09
3   0.300     5.0 -0.260E-10  0.149E-09
1   0.350     5.0  0.106E-03 -0.667E-03
2   0.350     5.0  0.843E-04 -0.667E-03
3   0.350     5.0  0.102E-03 -0.667E-03
1   0.400     5.0  0.176E-03 -0.133E-02
2   0.400     5.0  0.138E-03 -0.133E-02
3   0.400     5.0  0.174E-03 -0.133E-02
1   0.450     5.0  0.213E-03 -0.200E-02
2   0.450     5.0  0.164E-03 -0.200E-02
3   0.450     5.0  0.214E-03 -0.200E-02
1   0.500     5.0  0.221E-03 -0.267E-02
2   0.500     5.0  0.166E-03 -0.267E-02
3   0.500     5.0  0.224E-03 -0.267E-02
1   0.550     5.0  0.206E-03 -0.333E-02
2   0.550     5.0  0.152E-03 -0.333E-02
3   0.550     5.0  0.211E-03 -0.333E-02
1   0.600     5.0  0.175E-03 -0.400E-02
2   0.600     5.0  0.126E-03 -0.400E-02
3   0.600     5.0  0.181E-03 -0.400E-02
1   0.650     5.0  0.136E-03 -0.467E-02
2   0.650     5.0  0.959E-04 -0.467E-02
3   0.650     5.0  0.142E-03 -0.467E-02
1   0.700     5.0  0.955E-04 -0.533E-02
2   0.700     5.0  0.660E-04 -0.533E-02
3   0.700     5.0  0.102E-03 -0.533E-02
1   0.750     5.0  0.594E-04 -0.600E-02
2   0.750     5.0  0.401E-04 -0.600E-02
3   0.750     5.0  0.649E-04 -0.600E-02
1   0.800     5.0  0.314E-04 -0.667E-02
2   0.800     5.0  0.207E-04 -0.667E-02
3   0.800     5.0  0.356E-04 -0.667E-02
1   0.850     5.0  0.130E-04 -0.733E-02
2   0.850     5.0  0.872E-05 -0.733E-02
3   0.850     5.0  0.155E-04 -0.733E-02
1   0.900     5.0  0.351E-05 -0.800E-02
2   0.900     5.0  0.220E-05 -0.800E-02
3   0.900     5.0  0.452E-05 -0.800E-02
