1   0.250     5.0 -0.224E-02 -0.102E-02 -0.284E-03 -0.196E-02 -0.896E-03 -0.182E-03 -0.370E-03  0.136E-02  0.178E-02
2   0.250     5.0 -0.224E-02 -0.839E-03 -0.233E-03 -0.196E-02 -0.734E-03 -0.160E-03 -0.310E-03  0.136E-02  0.181E-02
3   0.250     5.0 -0.224E-02 -0.920E-03 -0.256E-03 -0.196E-02 -0.805E-03 -0.204E-03 -0.360E-03  0.134E-02  0.188E-02
1   0.300     5.0 -0.803E-02 -0.332E-02 -0.923E-03 -0.560E-02 -0.232E-02 -0.363E-03 -0.886E-03  0.500E-02  0.480E-02
2   0.300     5.0 -0.803E-02 -0.271E-02 -0.752E-03 -0.560E-02 -0.189E-02 -0.271E-03 -0.705E-03  0.503E-02  0.472E-02
3   0.300     5.0 -0.803E-02 -0.313E-02 -0.869E-03 -0.560E-02 -0.218E-02 -0.360E-03 -0.846E-03  0.498E-02  0.485E-02
1   0.350     5.0 -0.142E-01 -0.513E-02 -0.143E-02 -0.939E-02 -0.340E-02 -0.375E-03 -0.119E-02  0.900E-02  0.754E-02
2   0.350     5.0 -0.142E-01 -0.413E-02 -0.115E-02 -0.939E-02 -0.273E-02 -0.258E-03 -0.931E-03  0.906E-02  0.736E-02
3   0.350     5.0 -0.142E-01 -0.498E-02 -0.138E-02 -0.939E-02 -0.330E-02 -0.360E-03 -0.116E-02  0.900E-02  0.752E-02
1   0.400     5.0 -0.203E-01 -0.622E-02 -0.173E-02 -0.131E-01 -0.401E-02 -0.309E-03 -0.132E-02  0.131E-01  0.100E-01
2   0.400     5.0 -0.203E-01 -0.491E-02 -0.136E-02 -0.131E-01 -0.317E-02 -0.195E-03 -0.101E-02  0.132E-01  0.976E-02
3   0.400     5.0 -0.203E-01 -0.616E-02 -0.171E-02 -0.131E-01 -0.398E-02 -0.291E-03 -0.130E-02  0.131E-01  0.994E-02
1   0.450     5.0 -0.261E-01 -0.653E-02 -0.181E-02 -0.166E-01 -0.414E-02 -0.219E-03 -0.130E-02  0.170E-01  0.122E-01
2   0.450     5.0 -0.261E-01 -0.505E-02 -0.140E-02 -0.166E-01 -0.320E-02 -0.126E-03 -0.974E-03  0.171E-01  0.119E-01
3   0.450     5.0 -0.261E-01 -0.656E-02 -0.182E-02 -0.166E-01 -0.416E-02 -0.208E-03 -0.129E-02  0.170E-01  0.121E-01
1   0.500     5.0 -0.314E-01 -0.614E-02 -0.171E-02 -0.197E-01 -0.385E-02 -0.136E-03 -0.116E-02  0.206E-01  0.140E-01
2   0.500     5.0 -0.314E-01 -0.465E-02 -0.129E-02 -0.197E-01 -0.291E-02 -0.717E-04 -0.857E-03  0.207E-01  0.137E-01
3   0.500     5.0 -0.314E-01 -0.623E-02 -0.173E-02 -0.197E-01 -0.391E-02 -0.137E-03 -0.118E-02  0.206E-01  0.140E-01
1   0.550     5.0 -0.358E-01 -0.525E-02 -0.146E-02 -0.222E-01 -0.326E-02 -0.747E-04 -0.955E-03  0.236E-01  0.155E-01
2   0.550     5.0 -0.358E-01 -0.389E-02 -0.108E-02 -0.222E-01 -0.241E-02 -0.358E-04 -0.694E-03  0.237E-01  0.152E-01
3   0.550     5.0 -0.358E-01 -0.537E-02 -0.149E-02 -0.222E-01 -0.333E-02 -0.843E-04 -0.982E-03  0.236E-01  0.155E-01
1   0.600     5.0 -0.391E-01 -0.408E-02 -0.113E-02 -0.241E-01 -0.251E-02 -0.355E-04 -0.721E-03  0.259E-01  0.165E-01
2   0.600     5.0 -0.391E-01 -0.295E-02 -0.820E-03 -0.241E-01 -0.182E-02 -0.155E-04 -0.515E-03  0.260E-01  0.163E-01
3   0.600     5.0 -0.391E-01 -0.421E-02 -0.117E-02 -0.241E-01 -0.259E-02 -0.493E-04 -0.752E-03  0.259E-01  0.166E-01
1   0.650     5.0 -0.411E-01 -0.286E-02 -0.795E-03 -0.251E-01 -0.175E-02 -0.140E-04 -0.495E-03  0.273E-01  0.170E-01
2   0.650     5.0 -0.411E-01 -0.202E-02 -0.562E-03 -0.251E-01 -0.124E-02 -0.592E-05 -0.347E-03  0.273E-01  0.169E-01
3   0.650     5.0 -0.411E-01 -0.299E-02 -0.830E-03 -0.251E-01 -0.182E-02 -0.274E-04 -0.525E-03  0.272E-01  0.172E-01
1   0.700     5.0 -0.415E-01 -0.178E-02 -0.495E-03 -0.252E-01 -0.108E-02 -0.399E-05 -0.303E-03  0.276E-01  0.169E-01
2   0.700     5.0 -0.415E-01 -0.123E-02 -0.342E-03 -0.252E-01 -0.747E-03 -0.191E-05 -0.209E-03  0.276E-01  0.169E-01
3   0.700     5.0 -0.415E-01 -0.189E-02 -0.525E-03 -0.252E-01 -0.115E-02 -0.138E-04 -0.328E-03  0.275E-01  0.172E-01
1   0.750     5.0 -0.402E-01 -0.955E-03 -0.265E-03 -0.243E-01 -0.577E-03 -0.535E-06 -0.161E-03  0.268E-01  0.162E-01
2   0.750     5.0 -0.402E-01 -0.645E-03 -0.179E-03 -0.243E-01 -0.389E-03 -0.259E-06 -0.108E-03  0.268E-01  0.162E-01
3   0.750     5.0 -0.402E-01 -0.104E-02 -0.289E-03 -0.243E-01 -0.627E-03 -0.615E-05 -0.178E-03  0.267E-01  0.165E-01
1   0.800     5.0 -0.369E-01 -0.417E-03 -0.116E-03 -0.221E-01 -0.251E-03 -0.339E-08 -0.696E-04  0.246E-01  0.148E-01
2   0.800     5.0 -0.369E-01 -0.275E-03 -0.764E-04 -0.221E-01 -0.165E-03  0.242E-13 -0.459E-04  0.246E-01  0.148E-01
3   0.800     5.0 -0.369E-01 -0.471E-03 -0.131E-03 -0.221E-01 -0.283E-03 -0.226E-05 -0.801E-04  0.245E-01  0.150E-01
1   0.850     5.0 -0.314E-01 -0.134E-03 -0.372E-04 -0.188E-01 -0.800E-04  0.000E+00 -0.222E-04  0.209E-01  0.125E-01
2   0.850     5.0 -0.314E-01 -0.896E-04 -0.249E-04 -0.188E-01 -0.536E-04  0.286E-07 -0.149E-04  0.209E-01  0.125E-01
3   0.850     5.0 -0.314E-01 -0.159E-03 -0.442E-04 -0.188E-01 -0.952E-04 -0.612E-06 -0.268E-04  0.209E-01  0.127E-01
1   0.900     5.0 -0.235E-01 -0.248E-04 -0.688E-05 -0.140E-01 -0.147E-04  0.000E+00 -0.410E-05  0.157E-01  0.934E-02
2   0.900     5.0 -0.235E-01 -0.155E-04 -0.431E-05 -0.140E-01 -0.924E-05  0.000E+00 -0.257E-05  0.157E-01  0.934E-02
3   0.900     5.0 -0.235E-01 -0.319E-04 -0.886E-05 -0.140E-01 -0.190E-04 -0.918E-07 -0.533E-05  0.157E-01  0.943E-02
