1   0.250     5.0 -0.834E+00  0.167E+01
2   0.250     5.0 -0.686E+00  0.137E+01
3   0.250     5.0 -0.765E+00  0.153E+01
1   0.300     5.0 -0.616E+00  0.123E+01
2   0.300     5.0 -0.498E+00  0.997E+00
3   0.300     5.0 -0.582E+00  0.116E+01
1   0.350     5.0 -0.453E+00  0.905E+00
2   0.350     5.0 -0.361E+00  0.722E+00
3   0.350     5.0 -0.439E+00  0.878E+00
1   0.400     5.0 -0.330E+00  0.660E+00
2   0.400     5.0 -0.259E+00  0.518E+00
3   0.400     5.0 -0.327E+00  0.653E+00
1   0.450     5.0 -0.237E+00  0.473E+00
2   0.450     5.0 -0.182E+00  0.364E+00
3   0.450     5.0 -0.238E+00  0.475E+00
1   0.500     5.0 -0.166E+00  0.331E+00
2   0.500     5.0 -0.125E+00  0.250E+00
3   0.500     5.0 -0.168E+00  0.336E+00
1   0.550     5.0 -0.112E+00  0.225E+00
2   0.550     5.0 -0.828E-01  0.166E+00
3   0.550     5.0 -0.115E+00  0.230E+00
1   0.600     5.0 -0.729E-01  0.146E+00
2   0.600     5.0 -0.526E-01  0.105E+00
3   0.600     5.0 -0.754E-01  0.151E+00
1   0.650     5.0 -0.448E-01  0.896E-01
2   0.650     5.0 -0.316E-01  0.632E-01
3   0.650     5.0 -0.469E-01  0.938E-01
1   0.700     5.0 -0.256E-01  0.512E-01
2   0.700     5.0 -0.177E-01  0.353E-01
3   0.700     5.0 -0.273E-01  0.545E-01
1   0.750     5.0 -0.132E-01  0.264E-01
2   0.750     5.0 -0.892E-02  0.178E-01
3   0.750     5.0 -0.144E-01  0.289E-01
1   0.800     5.0 -0.589E-02  0.118E-01
2   0.800     5.0 -0.389E-02  0.777E-02
3   0.800     5.0 -0.668E-02  0.134E-01
1   0.850     5.0 -0.209E-02  0.418E-02
2   0.850     5.0 -0.140E-02  0.280E-02
3   0.850     5.0 -0.249E-02  0.499E-02
1   0.900     5.0 -0.487E-03  0.974E-03
2   0.900     5.0 -0.305E-03  0.610E-03
3   0.900     5.0 -0.628E-03  0.126E-02
