	W2		Ee`		X		QE_N		IN_N		TOT_N		QE_D		IN_D		TOT_D		DGW2D		REL			Q2
	1.3048	5.4692	0.8000	0.230E+00	0.245E+00	0.476E+00	0.102E-01	0.483E-01	0.585E-01	0.268E-01	0.116E+01	1.6977
	1.2794	5.4808	0.8100	0.237E+00	0.233E+00	0.470E+00	0.119E-01	0.411E-01	0.530E-01	0.242E-01	0.127E+01	1.7013
	1.2546	5.4921	0.8200	0.244E+00	0.220E+00	0.464E+00	0.139E-01	0.351E-01	0.490E-01	0.224E-01	0.135E+01	1.7048
	1.2302	5.5033	0.8300	0.251E+00	0.207E+00	0.457E+00	0.163E-01	0.297E-01	0.461E-01	0.211E-01	0.142E+01	1.7082
	1.2064	5.5142	0.8400	0.257E+00	0.199E+00	0.456E+00	0.191E-01	0.250E-01	0.441E-01	0.202E-01	0.148E+01	1.7116
	1.1830	5.5249	0.8500	0.263E+00	0.185E+00	0.448E+00	0.225E-01	0.208E-01	0.433E-01	0.198E-01	0.148E+01	1.7149
	1.1601	5.5353	0.8600	0.269E+00	0.174E+00	0.443E+00	0.265E-01	0.173E-01	0.438E-01	0.200E-01	0.144E+01	1.7182
	1.1376	5.5456	0.8700	0.273E+00	0.163E+00	0.437E+00	0.314E-01	0.143E-01	0.457E-01	0.209E-01	0.136E+01	1.7214
	1.1155	5.5557	0.8800	0.278E+00	0.156E+00	0.434E+00	0.370E-01	0.119E-01	0.490E-01	0.224E-01	0.127E+01	1.7245
	1.0939	5.5656	0.8900	0.283E+00	0.142E+00	0.424E+00	0.434E-01	0.985E-02	0.533E-01	0.244E-01	0.114E+01	1.7276
	1.0727	5.5753	0.9000	0.287E+00	0.134E+00	0.420E+00	0.515E-01	0.813E-02	0.596E-01	0.273E-01	0.101E+01	1.7306
	1.0518	5.5848	0.9100	0.291E+00	0.126E+00	0.417E+00	0.607E-01	0.673E-02	0.674E-01	0.308E-01	0.883E+00	1.7336
	1.0314	5.5942	0.9200	0.294E+00	0.118E+00	0.411E+00	0.711E-01	0.556E-02	0.767E-01	0.351E-01	0.766E+00	1.7365
	1.0113	5.6034	0.9300	0.296E+00	0.106E+00	0.402E+00	0.844E-01	0.465E-02	0.890E-01	0.407E-01	0.645E+00	1.7393
	0.9916	5.6124	0.9400	0.299E+00	0.101E+00	0.400E+00	0.973E-01	0.385E-02	0.101E+00	0.462E-01	0.565E+00	1.7421
	0.9722	5.6212	0.9500	0.301E+00	0.923E-01	0.393E+00	0.111E+00	0.337E-02	0.115E+00	0.524E-01	0.490E+00	1.7449
	0.9532	5.6299	0.9600	0.302E+00	0.829E-01	0.385E+00	0.126E+00	0.288E-02	0.129E+00	0.590E-01	0.426E+00	1.7476
	0.9345	5.6385	0.9700	0.304E+00	0.752E-01	0.379E+00	0.140E+00	0.250E-02	0.142E+00	0.650E-01	0.381E+00	1.7502
	0.9161	5.6469	0.9800	0.304E+00	0.710E-01	0.375E+00	0.150E+00	0.217E-02	0.152E+00	0.694E-01	0.353E+00	1.7528
	0.8981	5.6551	0.9900	0.305E+00	0.654E-01	0.370E+00	0.158E+00	0.183E-02	0.160E+00	0.730E-01	0.331E+00	1.7554
	0.8804	5.6632	1.0000	0.305E+00	0.543E-01	0.359E+00	0.160E+00	0.158E-02	0.161E+00	0.737E-01	0.318E+00	1.7579
	0.8629	5.6712	1.0100	0.305E+00	0.496E-01	0.354E+00	0.155E+00	0.136E-02	0.157E+00	0.716E-01	0.323E+00	1.7604
	0.8458	5.6790	1.0200	0.303E+00	0.467E-01	0.350E+00	0.149E+00	0.118E-02	0.150E+00	0.687E-01	0.333E+00	1.7628
	0.8290	5.6867	1.0300	0.302E+00	0.410E-01	0.343E+00	0.138E+00	0.101E-02	0.139E+00	0.635E-01	0.353E+00	1.7652
	0.8124	5.6943	1.0400	0.300E+00	0.375E-01	0.338E+00	0.125E+00	0.886E-03	0.126E+00	0.577E-01	0.383E+00	1.7675
	0.7961	5.7018	1.0500	0.298E+00	0.320E-01	0.330E+00	0.111E+00	0.776E-03	0.112E+00	0.510E-01	0.423E+00	1.7699
	0.7801	5.7091	1.0600	0.295E+00	0.277E-01	0.323E+00	0.981E-01	0.681E-03	0.988E-01	0.452E-01	0.467E+00	1.7721
	0.7643	5.7163	1.0700	0.292E+00	0.243E-01	0.317E+00	0.863E-01	0.598E-03	0.869E-01	0.397E-01	0.521E+00	1.7744
	0.7488	5.7234	1.0800	0.289E+00	0.205E-01	0.310E+00	0.745E-01	0.526E-03	0.750E-01	0.343E-01	0.590E+00	1.7766
	0.7335	5.7304	1.0900	0.285E+00	0.181E-01	0.304E+00	0.649E-01	0.462E-03	0.654E-01	0.299E-01	0.664E+00	1.7787
	0.7185	5.7373	1.1000	0.281E+00	0.159E-01	0.297E+00	0.561E-01	0.406E-03	0.565E-01	0.258E-01	0.750E+00	1.7809
	0.7037	5.7440	1.1100	0.276E+00	0.134E-01	0.289E+00	0.487E-01	0.356E-03	0.491E-01	0.224E-01	0.843E+00	1.7830
	0.6891	5.7507	1.1200	0.271E+00	0.114E-01	0.283E+00	0.421E-01	0.315E-03	0.424E-01	0.194E-01	0.952E+00	1.7850
	0.6748	5.7572	1.1300	0.266E+00	0.104E-01	0.276E+00	0.369E-01	0.278E-03	0.372E-01	0.170E-01	0.106E+01	1.7871
	0.6607	5.7637	1.1400	0.259E+00	0.882E-02	0.268E+00	0.322E-01	0.244E-03	0.325E-01	0.149E-01	0.118E+01	1.7891
	0.6468	5.7701	1.1500	0.253E+00	0.732E-02	0.260E+00	0.281E-01	0.215E-03	0.283E-01	0.129E-01	0.131E+01	1.7910
	0.6331	5.7763	1.1600	0.246E+00	0.637E-02	0.252E+00	0.246E-01	0.189E-03	0.248E-01	0.113E-01	0.145E+01	1.7930
	0.6196	5.7825	1.1700	0.238E+00	0.551E-02	0.244E+00	0.217E-01	0.165E-03	0.219E-01	0.100E-01	0.159E+01	1.7949
	0.6063	5.7886	1.1800	0.231E+00	0.464E-02	0.236E+00	0.193E-01	0.145E-03	0.194E-01	0.887E-02	0.173E+01	1.7968
	0.5932	5.7946	1.1900	0.223E+00	0.328E-02	0.226E+00	0.169E-01	0.127E-03	0.171E-01	0.780E-02	0.189E+01	1.7987
	0.5803	5.8005	1.2000	0.214E+00	0.322E-02	0.217E+00	0.151E-01	0.110E-03	0.152E-01	0.695E-02	0.204E+01	1.8005
	0.5676	5.8063	1.2100	0.205E+00	0.269E-02	0.208E+00	0.135E-01	0.954E-04	0.136E-01	0.620E-02	0.219E+01	1.8023
	0.5550	5.8120	1.2200	0.197E+00	0.233E-02	0.199E+00	0.120E-01	0.823E-04	0.121E-01	0.552E-02	0.236E+01	1.8041
	0.5427	5.8176	1.2300	0.185E+00	0.189E-02	0.187E+00	0.107E-01	0.708E-04	0.108E-01	0.494E-02	0.248E+01	1.8058
	0.5305	5.8232	1.2400	0.176E+00	0.147E-02	0.178E+00	0.962E-02	0.614E-04	0.968E-02	0.443E-02	0.262E+01	1.8075
	0.5185	5.8287	1.2500	0.165E+00	0.127E-02	0.166E+00	0.859E-02	0.534E-04	0.865E-02	0.395E-02	0.275E+01	1.8092
	0.5067	5.8341	1.2600	0.154E+00	0.110E-02	0.155E+00	0.770E-02	0.460E-04	0.775E-02	0.354E-02	0.285E+01	1.8109
	0.4950	5.8394	1.2700	0.142E+00	0.935E-03	0.143E+00	0.696E-02	0.393E-04	0.700E-02	0.320E-02	0.292E+01	1.8126
	0.4835	5.8447	1.2800	0.129E+00	0.799E-03	0.130E+00	0.629E-02	0.337E-04	0.632E-02	0.289E-02	0.294E+01	1.8142
	0.4722	5.8499	1.2900	0.118E+00	0.679E-03	0.119E+00	0.573E-02	0.287E-04	0.576E-02	0.263E-02	0.295E+01	1.8158
	0.4610	5.8550	1.3000	0.105E+00	0.573E-03	0.106E+00	0.518E-02	0.243E-04	0.520E-02	0.238E-02	0.290E+01	1.8174
	0.4499	5.8601	1.3100	0.919E-01	0.480E-03	0.924E-01	0.472E-02	0.206E-04	0.474E-02	0.217E-02	0.279E+01	1.8190
	0.4390	5.8650	1.3200	0.780E-01	0.403E-03	0.784E-01	0.433E-02	0.172E-04	0.435E-02	0.199E-02	0.258E+01	1.8205
	0.4283	5.8700	1.3300	0.642E-01	0.336E-03	0.645E-01	0.394E-02	0.143E-04	0.396E-02	0.181E-02	0.233E+01	1.8221
	0.4177	5.8748	1.3400	0.534E-01	0.279E-03	0.537E-01	0.359E-02	0.120E-04	0.360E-02	0.165E-02	0.213E+01	1.8236
	0.4072	5.8796	1.3500	0.534E-01	0.231E-03	0.536E-01	0.328E-02	0.989E-05	0.329E-02	0.151E-02	0.232E+01	1.8250
	0.3969	5.8843	1.3600	0.536E-01	0.189E-03	0.538E-01	0.304E-02	0.815E-05	0.305E-02	0.139E-02	0.252E+01	1.8265
	0.3867	5.8890	1.3700	0.540E-01	0.154E-03	0.542E-01	0.278E-02	0.665E-05	0.279E-02	0.128E-02	0.277E+01	1.8280
	0.3766	5.8936	1.3800	0.542E-01	0.124E-03	0.543E-01	0.257E-02	0.538E-05	0.258E-02	0.118E-02	0.301E+01	1.8294
	0.3667	5.8981	1.3900	0.542E-01	0.991E-04	0.543E-01	0.236E-02	0.432E-05	0.237E-02	0.108E-02	0.328E+01	1.8308
	0.3569	5.9026	1.4000	0.543E-01	0.779E-04	0.544E-01	0.220E-02	0.341E-05	0.220E-02	0.101E-02	0.353E+01	1.8322
	0.3472	5.9070	1.4100	0.546E-01	0.602E-04	0.546E-01	0.203E-02	0.590E-06	0.203E-02	0.930E-03	0.383E+01	1.8336
	0.3376	5.9114	1.4200	0.508E-01	0.456E-04	0.508E-01	0.189E-02	0.195E-06	0.189E-02	0.866E-03	0.383E+01	1.8349
	0.3282	5.9157	1.4300	0.472E-01	0.000E+00	0.472E-01	0.176E-02	0.000E+00	0.176E-02	0.807E-03	0.383E+01	1.8363
	0.3189	5.9200	1.4400	0.440E-01	0.000E+00	0.440E-01	0.164E-02	0.000E+00	0.164E-02	0.752E-03	0.383E+01	1.8376
	0.3097	5.9242	1.4500	0.408E-01	0.000E+00	0.408E-01	0.152E-02	0.000E+00	0.152E-02	0.697E-03	0.382E+01	1.8389
	0.3006	5.9283	1.4600	0.381E-01	0.000E+00	0.381E-01	0.142E-02	0.000E+00	0.142E-02	0.651E-03	0.382E+01	1.8402
	0.2916	5.9325	1.4700	0.356E-01	0.000E+00	0.356E-01	0.133E-02	0.000E+00	0.133E-02	0.610E-03	0.381E+01	1.8415
	0.2827	5.9365	1.4800	0.334E-01	0.000E+00	0.334E-01	0.125E-02	0.000E+00	0.125E-02	0.571E-03	0.382E+01	1.8427
	0.2740	5.9405	1.4900	0.314E-01	0.000E+00	0.314E-01	0.117E-02	0.000E+00	0.117E-02	0.536E-03	0.383E+01	1.8440
	0.2653	5.9445	1.5000	0.293E-01	0.000E+00	0.293E-01	0.110E-02	0.000E+00	0.110E-02	0.503E-03	0.381E+01	1.8452
	0.2567	5.9484	1.5100	0.276E-01	0.000E+00	0.276E-01	0.104E-02	0.000E+00	0.104E-02	0.474E-03	0.381E+01	1.8464
	0.2483	5.9523	1.5200	0.261E-01	0.000E+00	0.261E-01	0.976E-03	0.000E+00	0.976E-03	0.446E-03	0.382E+01	1.8476
	0.2399	5.9561	1.5300	0.247E-01	0.000E+00	0.247E-01	0.921E-03	0.000E+00	0.921E-03	0.421E-03	0.384E+01	1.8488
	0.2317	5.9599	1.5400	0.234E-01	0.000E+00	0.234E-01	0.870E-03	0.000E+00	0.870E-03	0.398E-03	0.383E+01	1.8500
	0.2235	5.9636	1.5500	0.222E-01	0.000E+00	0.222E-01	0.824E-03	0.000E+00	0.824E-03	0.377E-03	0.384E+01	1.8511
	0.2155	5.9673	1.5600	0.209E-01	0.000E+00	0.209E-01	0.781E-03	0.000E+00	0.781E-03	0.357E-03	0.383E+01	1.8523
	0.2075	5.9709	1.5700	0.198E-01	0.000E+00	0.198E-01	0.741E-03	0.000E+00	0.741E-03	0.339E-03	0.381E+01	1.8534
	0.1996	5.9745	1.5800	0.187E-01	0.000E+00	0.187E-01	0.703E-03	0.000E+00	0.703E-03	0.322E-03	0.380E+01	1.8545
	0.1918	5.9781	1.5900	0.178E-01	0.000E+00	0.178E-01	0.670E-03	0.000E+00	0.670E-03	0.307E-03	0.380E+01	1.8556
	0.1841	5.9816	1.6000	0.170E-01	0.000E+00	0.170E-01	0.642E-03	0.000E+00	0.642E-03	0.294E-03	0.378E+01	1.8567
	0.1765	5.9851	1.6100	0.162E-01	0.000E+00	0.162E-01	0.605E-03	0.000E+00	0.605E-03	0.276E-03	0.382E+01	1.8578
	0.1689	5.9885	1.6200	0.154E-01	0.000E+00	0.154E-01	0.575E-03	0.000E+00	0.575E-03	0.263E-03	0.383E+01	1.8589
	0.1615	5.9919	1.6300	0.147E-01	0.000E+00	0.147E-01	0.552E-03	0.000E+00	0.552E-03	0.252E-03	0.380E+01	1.8599
	0.1541	5.9953	1.6400	0.140E-01	0.000E+00	0.140E-01	0.526E-03	0.000E+00	0.526E-03	0.240E-03	0.379E+01	1.8610
	0.1469	5.9986	1.6500	0.133E-01	0.000E+00	0.133E-01	0.498E-03	0.000E+00	0.498E-03	0.228E-03	0.381E+01	1.8620
	0.1396	6.0019	1.6600	0.127E-01	0.000E+00	0.127E-01	0.480E-03	0.000E+00	0.480E-03	0.219E-03	0.379E+01	1.8630
	0.1325	6.0052	1.6700	0.122E-01	0.000E+00	0.122E-01	0.456E-03	0.000E+00	0.456E-03	0.209E-03	0.381E+01	1.8640
	0.1255	6.0084	1.6800	0.116E-01	0.000E+00	0.116E-01	0.437E-03	0.000E+00	0.437E-03	0.200E-03	0.379E+01	1.8650
	0.1185	6.0116	1.6900	0.111E-01	0.000E+00	0.111E-01	0.416E-03	0.000E+00	0.416E-03	0.190E-03	0.381E+01	1.8660
	0.1116	6.0148	1.7000	0.106E-01	0.000E+00	0.106E-01	0.402E-03	0.000E+00	0.402E-03	0.184E-03	0.377E+01	1.8670
	0.1048	6.0179	1.7100	0.102E-01	0.000E+00	0.102E-01	0.384E-03	0.000E+00	0.384E-03	0.176E-03	0.378E+01	1.8680
	0.0980	6.0210	1.7200	0.972E-02	0.000E+00	0.972E-02	0.367E-03	0.000E+00	0.367E-03	0.168E-03	0.378E+01	1.8689
	0.0913	6.0240	1.7300	0.929E-02	0.000E+00	0.929E-02	0.351E-03	0.000E+00	0.351E-03	0.161E-03	0.378E+01	1.8699
	0.0847	6.0270	1.7400	0.889E-02	0.000E+00	0.889E-02	0.336E-03	0.000E+00	0.336E-03	0.154E-03	0.378E+01	1.8708
	0.0782	6.0300	1.7500	0.851E-02	0.000E+00	0.851E-02	0.319E-03	0.000E+00	0.319E-03	0.146E-03	0.381E+01	1.8717
	0.0717	6.0330	1.7600	0.812E-02	0.000E+00	0.812E-02	0.306E-03	0.000E+00	0.306E-03	0.140E-03	0.379E+01	1.8727
	0.0653	6.0359	1.7700	0.776E-02	0.000E+00	0.776E-02	0.293E-03	0.000E+00	0.293E-03	0.134E-03	0.379E+01	1.8736
	0.0590	6.0388	1.7800	0.743E-02	0.000E+00	0.743E-02	0.279E-03	0.000E+00	0.279E-03	0.127E-03	0.381E+01	1.8745
	0.0527	6.0417	1.7900	0.709E-02	0.000E+00	0.709E-02	0.267E-03	0.000E+00	0.267E-03	0.122E-03	0.380E+01	1.8754
