1   0.300     NaN        NaN        NaN
2   0.300     NaN  0.000E+00        NaN
3   0.300     NaN        NaN        NaN
1   0.400     NaN        NaN        NaN
2   0.400     NaN  0.000E+00        NaN
3   0.400     NaN        NaN        NaN
1   0.500     NaN        NaN        NaN
2   0.500     NaN  0.000E+00        NaN
3   0.500     NaN        NaN        NaN
1   0.600     NaN        NaN        NaN
2   0.600     NaN  0.000E+00        NaN
3   0.600     NaN        NaN        NaN
1   0.700     NaN        NaN        NaN
2   0.700     NaN  0.000E+00        NaN
3   0.700     NaN        NaN        NaN
1   0.300     NaN        NaN        NaN
2   0.300     NaN  0.000E+00        NaN
3   0.300     NaN        NaN        NaN
1   0.400     NaN        NaN        NaN
2   0.400     NaN  0.000E+00        NaN
3   0.400     NaN        NaN        NaN
1   0.500     NaN        NaN        NaN
2   0.500     NaN  0.000E+00        NaN
3   0.500     NaN        NaN        NaN
1   0.600     NaN        NaN        NaN
2   0.600     NaN  0.000E+00        NaN
3   0.600     NaN        NaN        NaN
1   0.700     NaN        NaN        NaN
2   0.700     NaN  0.000E+00        NaN
3   0.700     NaN        NaN        NaN
1   0.300     NaN        NaN        NaN
2   0.300     NaN  0.000E+00        NaN
3   0.300     NaN        NaN        NaN
1   0.400     NaN        NaN        NaN
2   0.400     NaN  0.000E+00        NaN
3   0.400     NaN        NaN        NaN
1   0.500     NaN        NaN        NaN
2   0.500     NaN  0.000E+00        NaN
3   0.500     NaN        NaN        NaN
1   0.600     NaN        NaN        NaN
2   0.600     NaN  0.000E+00        NaN
3   0.600     NaN        NaN        NaN
1   0.700     NaN        NaN        NaN
2   0.700     NaN  0.000E+00        NaN
3   0.700     NaN        NaN        NaN
1   0.300     NaN        NaN        NaN
2   0.300     NaN  0.000E+00        NaN
3   0.300     NaN        NaN        NaN
1   0.400     NaN        NaN        NaN
2   0.400     NaN  0.000E+00        NaN
3   0.400     NaN        NaN        NaN
1   0.500     NaN        NaN        NaN
2   0.500     NaN  0.000E+00        NaN
3   0.500     NaN        NaN        NaN
1   0.600     NaN        NaN        NaN
2   0.600     NaN  0.000E+00        NaN
3   0.600     NaN        NaN        NaN
1   0.700     NaN        NaN        NaN
2   0.700     NaN  0.000E+00        NaN
3   0.700     NaN        NaN        NaN
1   0.300     NaN        NaN        NaN
2   0.300     NaN  0.000E+00        NaN
3   0.300     NaN        NaN        NaN
1   0.400     NaN        NaN        NaN
2   0.400     NaN  0.000E+00        NaN
3   0.400     NaN        NaN        NaN
1   0.500     NaN        NaN        NaN
2   0.500     NaN  0.000E+00        NaN
3   0.500     NaN        NaN        NaN
1   0.600     NaN        NaN        NaN
2   0.600     NaN  0.000E+00        NaN
3   0.600     NaN        NaN        NaN
1   0.700     NaN        NaN        NaN
2   0.700     NaN  0.000E+00        NaN
3   0.700     NaN        NaN        NaN
1   0.300     0.1 -0.000E+00 -0.000E+00
2   0.300     0.1  0.000E+00        NaN
3   0.300     0.1  0.000E+00 -0.000E+00
1   0.400     0.1 -0.838E-08 -0.133E-02
2   0.400     0.1  0.000E+00        NaN
3   0.400     0.1  0.500E-04 -0.133E-02
1   0.500     0.2 -0.609E-08 -0.267E-02
2   0.500     0.2  0.000E+00        NaN
3   0.500     0.2  0.809E-04 -0.267E-02
1   0.600     0.2 -0.146E-08 -0.400E-02
2   0.600     0.2  0.000E+00        NaN
3   0.600     0.2  0.773E-04 -0.400E-02
1   0.700     0.2 -0.404E-10 -0.533E-02
2   0.700     0.2  0.000E+00        NaN
3   0.700     0.2  0.524E-04 -0.533E-02
1   0.300     0.1 -0.000E+00 -0.000E+00
2   0.300     0.1  0.000E+00        NaN
3   0.300     0.1  0.000E+00 -0.000E+00
1   0.400     0.1 -0.838E-08 -0.133E-02
2   0.400     0.1  0.000E+00        NaN
3   0.400     0.1  0.500E-04 -0.133E-02
1   0.500     0.2 -0.609E-08 -0.267E-02
2   0.500     0.2  0.000E+00        NaN
3   0.500     0.2  0.809E-04 -0.267E-02
1   0.600     0.2 -0.146E-08 -0.400E-02
2   0.600     0.2  0.000E+00        NaN
3   0.600     0.2  0.773E-04 -0.400E-02
1   0.700     0.2 -0.404E-10 -0.533E-02
2   0.700     0.2  0.000E+00        NaN
3   0.700     0.2  0.524E-04 -0.533E-02
1   0.300     0.1 -0.000E+00 -0.000E+00
2   0.300     0.1  0.000E+00        NaN
3   0.300     0.1  0.000E+00 -0.000E+00
1   0.400     0.1 -0.838E-08 -0.133E-02
2   0.400     0.1  0.000E+00        NaN
3   0.400     0.1  0.500E-04 -0.133E-02
1   0.500     0.2 -0.609E-08 -0.267E-02
2   0.500     0.2  0.000E+00        NaN
3   0.500     0.2  0.809E-04 -0.267E-02
1   0.600     0.2 -0.146E-08 -0.400E-02
2   0.600     0.2  0.000E+00        NaN
3   0.600     0.2  0.773E-04 -0.400E-02
1   0.700     0.2 -0.404E-10 -0.533E-02
2   0.700     0.2  0.000E+00        NaN
3   0.700     0.2  0.524E-04 -0.533E-02
1   0.300     0.1 -0.000E+00 -0.000E+00
2   0.300     0.1  0.000E+00        NaN
3   0.300     0.1  0.000E+00 -0.000E+00
1   0.400     0.1 -0.838E-08 -0.133E-02
2   0.400     0.1  0.000E+00        NaN
3   0.400     0.1  0.500E-04 -0.133E-02
1   0.500     0.2 -0.609E-08 -0.267E-02
2   0.500     0.2  0.000E+00        NaN
3   0.500     0.2  0.809E-04 -0.267E-02
1   0.600     0.2 -0.146E-08 -0.400E-02
2   0.600     0.2  0.000E+00        NaN
3   0.600     0.2  0.773E-04 -0.400E-02
1   0.700     0.2 -0.404E-10 -0.533E-02
2   0.700     0.2  0.000E+00        NaN
3   0.700     0.2  0.524E-04 -0.533E-02
1   0.300     0.1 -0.000E+00 -0.000E+00
2   0.300     0.1  0.000E+00        NaN
3   0.300     0.1  0.000E+00 -0.000E+00
1   0.400     0.1 -0.838E-08 -0.133E-02
2   0.400     0.1  0.000E+00        NaN
3   0.400     0.1  0.500E-04 -0.133E-02
1   0.500     0.2 -0.609E-08 -0.267E-02
2   0.500     0.2  0.000E+00        NaN
3   0.500     0.2  0.809E-04 -0.267E-02
1   0.600     0.2 -0.146E-08 -0.400E-02
2   0.600     0.2  0.000E+00        NaN
3   0.600     0.2  0.773E-04 -0.400E-02
1   0.700     0.2 -0.404E-10 -0.533E-02
2   0.700     0.2  0.000E+00        NaN
3   0.700     0.2  0.524E-04 -0.533E-02
1   0.100     0.1 -0.830E-07  0.267E-02
2   0.100     0.1 -0.000E+00        NaN
3   0.100     0.1 -0.804E-04  0.267E-02
1   0.110     0.1 -0.780E-07  0.253E-02
2   0.110     0.1 -0.000E+00        NaN
3   0.110     0.1 -0.804E-04  0.253E-02
1   0.120     0.1 -0.716E-07  0.240E-02
2   0.120     0.1 -0.000E+00        NaN
3   0.120     0.1 -0.798E-04  0.240E-02
1   0.130     0.1 -0.644E-07  0.227E-02
2   0.130     0.1 -0.000E+00        NaN
3   0.130     0.1 -0.785E-04  0.227E-02
1   0.140     0.1 -0.566E-07  0.213E-02
2   0.140     0.1 -0.000E+00        NaN
3   0.140     0.1 -0.767E-04  0.213E-02
1   0.150     0.1 -0.486E-07  0.200E-02
2   0.150     0.1 -0.000E+00        NaN
3   0.150     0.1 -0.743E-04  0.200E-02
1   0.160     0.1 -0.409E-07  0.187E-02
2   0.160     0.1 -0.000E+00        NaN
3   0.160     0.1 -0.715E-04  0.187E-02
1   0.170     0.1 -0.334E-07  0.173E-02
2   0.170     0.1 -0.000E+00        NaN
3   0.170     0.1 -0.683E-04  0.173E-02
1   0.180     0.1 -0.266E-07  0.160E-02
2   0.180     0.1 -0.000E+00        NaN
3   0.180     0.1 -0.646E-04  0.160E-02
1   0.190     0.1 -0.204E-07  0.147E-02
2   0.190     0.1 -0.000E+00        NaN
3   0.190     0.1 -0.606E-04  0.147E-02
1   0.200     0.1 -0.150E-07  0.133E-02
2   0.200     0.1 -0.000E+00        NaN
3   0.200     0.1 -0.562E-04  0.133E-02
1   0.210     0.1 -0.104E-07  0.120E-02
2   0.210     0.1 -0.000E+00        NaN
3   0.210     0.1 -0.514E-04  0.120E-02
1   0.220     0.1 -0.662E-08  0.107E-02
2   0.220     0.1 -0.000E+00        NaN
3   0.220     0.1 -0.464E-04  0.107E-02
1   0.230     0.1 -0.365E-08  0.933E-03
2   0.230     0.1 -0.000E+00        NaN
3   0.230     0.1 -0.412E-04  0.933E-03
1   0.240     0.1 -0.145E-08  0.800E-03
2   0.240     0.1 -0.000E+00        NaN
3   0.240     0.1 -0.357E-04  0.800E-03
1   0.250     0.1  0.732E-10  0.667E-03
2   0.250     0.1 -0.000E+00        NaN
3   0.250     0.1 -0.300E-04  0.667E-03
1   0.260     0.1  0.970E-09  0.533E-03
2   0.260     0.1 -0.000E+00        NaN
3   0.260     0.1 -0.242E-04  0.533E-03
1   0.270     0.2  0.133E-08  0.400E-03
2   0.270     0.2 -0.000E+00        NaN
3   0.270     0.2 -0.182E-04  0.400E-03
1   0.280     0.2  0.123E-08  0.267E-03
2   0.280     0.2 -0.000E+00        NaN
3   0.280     0.2 -0.122E-04  0.267E-03
1   0.290     0.2  0.757E-09  0.133E-03
2   0.290     0.2 -0.000E+00        NaN
3   0.290     0.2 -0.611E-05  0.133E-03
1   0.300     0.2  0.261E-14  0.397E-09
2   0.300     0.2 -0.000E+00        NaN
3   0.300     0.2 -0.182E-10  0.397E-09
1   0.310     0.2 -0.967E-09 -0.133E-03
2   0.310     0.2  0.000E+00        NaN
3   0.310     0.2  0.610E-05 -0.133E-03
1   0.320     0.2 -0.207E-08 -0.267E-03
2   0.320     0.2  0.000E+00        NaN
3   0.320     0.2  0.121E-04 -0.267E-03
1   0.330     0.2 -0.325E-08 -0.400E-03
2   0.330     0.2  0.000E+00        NaN
3   0.330     0.2  0.181E-04 -0.400E-03
1   0.340     0.2 -0.443E-08 -0.533E-03
2   0.340     0.2  0.000E+00        NaN
3   0.340     0.2  0.240E-04 -0.533E-03
1   0.350     0.2 -0.557E-08 -0.667E-03
2   0.350     0.2  0.000E+00        NaN
3   0.350     0.2  0.297E-04 -0.667E-03
1   0.360     0.2 -0.663E-08 -0.800E-03
2   0.360     0.2  0.000E+00        NaN
3   0.360     0.2  0.353E-04 -0.800E-03
1   0.370     0.2 -0.757E-08 -0.933E-03
2   0.370     0.2  0.000E+00        NaN
3   0.370     0.2  0.406E-04 -0.933E-03
1   0.380     0.2 -0.837E-08 -0.107E-02
2   0.380     0.2  0.000E+00        NaN
3   0.380     0.2  0.458E-04 -0.107E-02
1   0.390     0.2 -0.900E-08 -0.120E-02
2   0.390     0.2  0.000E+00        NaN
3   0.390     0.2  0.507E-04 -0.120E-02
1   0.400     0.2 -0.946E-08 -0.133E-02
2   0.400     0.2  0.000E+00        NaN
3   0.400     0.2  0.554E-04 -0.133E-02
1   0.410     0.2 -0.975E-08 -0.147E-02
2   0.410     0.2  0.000E+00        NaN
3   0.410     0.2  0.597E-04 -0.147E-02
1   0.420     0.2 -0.986E-08 -0.160E-02
2   0.420     0.2  0.000E+00        NaN
3   0.420     0.2  0.638E-04 -0.160E-02
1   0.430     0.2 -0.980E-08 -0.173E-02
2   0.430     0.2  0.000E+00        NaN
3   0.430     0.2  0.676E-04 -0.173E-02
1   0.440     0.2 -0.959E-08 -0.187E-02
2   0.440     0.2  0.000E+00        NaN
3   0.440     0.2  0.711E-04 -0.187E-02
1   0.450     0.2 -0.925E-08 -0.200E-02
2   0.450     0.2  0.000E+00        NaN
3   0.450     0.2  0.742E-04 -0.200E-02
1   0.460     0.2 -0.880E-08 -0.213E-02
2   0.460     0.2  0.000E+00        NaN
3   0.460     0.2  0.770E-04 -0.213E-02
1   0.470     0.2 -0.827E-08 -0.227E-02
2   0.470     0.2  0.000E+00        NaN
3   0.470     0.2  0.794E-04 -0.227E-02
1   0.480     0.2 -0.766E-08 -0.240E-02
2   0.480     0.2  0.000E+00        NaN
3   0.480     0.2  0.815E-04 -0.240E-02
1   0.490     0.2 -0.703E-08 -0.253E-02
2   0.490     0.2  0.000E+00        NaN
3   0.490     0.2  0.833E-04 -0.253E-02
1   0.500     0.2 -0.638E-08 -0.267E-02
2   0.500     0.2  0.000E+00        NaN
3   0.500     0.2  0.847E-04 -0.267E-02
1   0.510     0.2 -0.574E-08 -0.280E-02
2   0.510     0.2  0.000E+00        NaN
3   0.510     0.2  0.857E-04 -0.280E-02
1   0.520     0.2 -0.511E-08 -0.293E-02
2   0.520     0.2  0.000E+00        NaN
3   0.520     0.2  0.864E-04 -0.293E-02
1   0.530     0.2 -0.451E-08 -0.307E-02
2   0.530     0.2  0.000E+00        NaN
3   0.530     0.2  0.868E-04 -0.307E-02
1   0.540     0.2 -0.396E-08 -0.320E-02
2   0.540     0.2  0.000E+00        NaN
3   0.540     0.2  0.868E-04 -0.320E-02
1   0.550     0.2 -0.344E-08 -0.333E-02
2   0.550     0.2  0.000E+00        NaN
3   0.550     0.2  0.866E-04 -0.333E-02
1   0.560     0.2 -0.297E-08 -0.347E-02
2   0.560     0.2  0.000E+00        NaN
3   0.560     0.2  0.860E-04 -0.347E-02
1   0.570     0.2 -0.255E-08 -0.360E-02
2   0.570     0.2  0.000E+00        NaN
3   0.570     0.2  0.851E-04 -0.360E-02
1   0.580     0.2 -0.217E-08 -0.373E-02
2   0.580     0.2  0.000E+00        NaN
3   0.580     0.2  0.840E-04 -0.373E-02
1   0.590     0.2 -0.183E-08 -0.387E-02
2   0.590     0.2  0.000E+00        NaN
3   0.590     0.2  0.826E-04 -0.387E-02
1   0.600     0.2 -0.153E-08 -0.400E-02
2   0.600     0.2  0.000E+00        NaN
3   0.600     0.2  0.809E-04 -0.400E-02
1   0.610     0.2 -0.127E-08 -0.413E-02
2   0.610     0.2  0.000E+00        NaN
3   0.610     0.2  0.790E-04 -0.413E-02
1   0.620     0.2 -0.105E-08 -0.427E-02
2   0.620     0.2  0.000E+00        NaN
3   0.620     0.2  0.769E-04 -0.427E-02
1   0.630     0.2 -0.563E-09 -0.440E-02
2   0.630     0.2  0.000E+00        NaN
3   0.630     0.2  0.746E-04 -0.440E-02
1   0.640     0.2 -0.460E-09 -0.453E-02
2   0.640     0.2  0.000E+00        NaN
3   0.640     0.2  0.721E-04 -0.453E-02
1   0.650     0.2 -0.142E-09 -0.467E-02
2   0.650     0.2  0.000E+00        NaN
3   0.650     0.2  0.694E-04 -0.467E-02
1   0.660     0.2 -0.114E-09 -0.480E-02
2   0.660     0.2  0.000E+00        NaN
3   0.660     0.2  0.667E-04 -0.480E-02
1   0.670     0.2 -0.903E-10 -0.493E-02
2   0.670     0.2  0.000E+00        NaN
3   0.670     0.2  0.638E-04 -0.493E-02
1   0.680     0.2 -0.702E-10 -0.507E-02
2   0.680     0.2  0.000E+00        NaN
3   0.680     0.2  0.608E-04 -0.507E-02
1   0.690     0.2 -0.546E-10 -0.520E-02
2   0.690     0.2  0.000E+00        NaN
3   0.690     0.2  0.577E-04 -0.520E-02
1   0.700     0.2 -0.418E-10 -0.533E-02
2   0.700     0.2  0.000E+00        NaN
3   0.700     0.2  0.545E-04 -0.533E-02
1   0.710     0.2 -0.314E-10 -0.547E-02
2   0.710     0.2  0.000E+00        NaN
3   0.710     0.2  0.513E-04 -0.547E-02
1   0.720     0.2 -0.235E-10 -0.560E-02
2   0.720     0.2  0.000E+00        NaN
3   0.720     0.2  0.481E-04 -0.560E-02
1   0.730     0.2 -0.171E-10 -0.573E-02
2   0.730     0.2  0.000E+00        NaN
3   0.730     0.2  0.449E-04 -0.573E-02
1   0.740     0.2 -0.124E-10 -0.587E-02
2   0.740     0.2  0.000E+00        NaN
3   0.740     0.2  0.417E-04 -0.587E-02
1   0.100     NaN        NaN        NaN
2   0.100     NaN -0.000E+00        NaN
3   0.100     NaN        NaN        NaN
1   0.110     NaN        NaN        NaN
2   0.110     NaN -0.000E+00        NaN
3   0.110     NaN        NaN        NaN
1   0.120     NaN        NaN        NaN
2   0.120     NaN -0.000E+00        NaN
3   0.120     NaN        NaN        NaN
1   0.130     NaN        NaN        NaN
2   0.130     NaN -0.000E+00        NaN
3   0.130     NaN        NaN        NaN
1   0.140     NaN        NaN        NaN
2   0.140     NaN -0.000E+00        NaN
3   0.140     NaN        NaN        NaN
1   0.150     NaN        NaN        NaN
2   0.150     NaN -0.000E+00        NaN
3   0.150     NaN        NaN        NaN
1   0.160     NaN        NaN        NaN
2   0.160     NaN -0.000E+00        NaN
3   0.160     NaN        NaN        NaN
1   0.170     NaN        NaN        NaN
2   0.170     NaN -0.000E+00        NaN
3   0.170     NaN        NaN        NaN
1   0.180     NaN        NaN        NaN
2   0.180     NaN -0.000E+00        NaN
3   0.180     NaN        NaN        NaN
1   0.190     NaN        NaN        NaN
2   0.190     NaN -0.000E+00        NaN
3   0.190     NaN        NaN        NaN
1   0.200     NaN        NaN        NaN
2   0.200     NaN -0.000E+00        NaN
3   0.200     NaN        NaN        NaN
1   0.210     NaN        NaN        NaN
2   0.210     NaN -0.000E+00        NaN
3   0.210     NaN        NaN        NaN
1   0.220     NaN        NaN        NaN
2   0.220     NaN -0.000E+00        NaN
3   0.220     NaN        NaN        NaN
1   0.230     NaN        NaN        NaN
2   0.230     NaN -0.000E+00        NaN
3   0.230     NaN        NaN        NaN
1   0.240     NaN        NaN        NaN
2   0.240     NaN -0.000E+00        NaN
3   0.240     NaN        NaN        NaN
1   0.250     NaN        NaN        NaN
2   0.250     NaN -0.000E+00        NaN
3   0.250     NaN        NaN        NaN
1   0.260     NaN        NaN        NaN
2   0.260     NaN -0.000E+00        NaN
3   0.260     NaN        NaN        NaN
1   0.270     NaN        NaN        NaN
2   0.270     NaN -0.000E+00        NaN
3   0.270     NaN        NaN        NaN
1   0.280     NaN        NaN        NaN
2   0.280     NaN -0.000E+00        NaN
3   0.280     NaN        NaN        NaN
1   0.290     NaN        NaN        NaN
2   0.290     NaN -0.000E+00        NaN
3   0.290     NaN        NaN        NaN
1   0.300     NaN        NaN        NaN
2   0.300     NaN -0.000E+00        NaN
3   0.300     NaN        NaN        NaN
1   0.310     NaN        NaN        NaN
2   0.310     NaN  0.000E+00        NaN
3   0.310     NaN        NaN        NaN
1   0.320     NaN        NaN        NaN
2   0.320     NaN  0.000E+00        NaN
3   0.320     NaN        NaN        NaN
1   0.330     NaN        NaN        NaN
2   0.330     NaN  0.000E+00        NaN
3   0.330     NaN        NaN        NaN
1   0.340     NaN        NaN        NaN
2   0.340     NaN  0.000E+00        NaN
3   0.340     NaN        NaN        NaN
1   0.350     NaN        NaN        NaN
2   0.350     NaN  0.000E+00        NaN
3   0.350     NaN        NaN        NaN
1   0.360     NaN        NaN        NaN
2   0.360     NaN  0.000E+00        NaN
3   0.360     NaN        NaN        NaN
1   0.370     NaN        NaN        NaN
2   0.370     NaN  0.000E+00        NaN
3   0.370     NaN        NaN        NaN
1   0.380     NaN        NaN        NaN
2   0.380     NaN  0.000E+00        NaN
3   0.380     NaN        NaN        NaN
1   0.390     NaN        NaN        NaN
2   0.390     NaN  0.000E+00        NaN
3   0.390     NaN        NaN        NaN
1   0.400     NaN        NaN        NaN
2   0.400     NaN  0.000E+00        NaN
3   0.400     NaN        NaN        NaN
1   0.410     NaN        NaN        NaN
2   0.410     NaN  0.000E+00        NaN
3   0.410     NaN        NaN        NaN
1   0.420     NaN        NaN        NaN
2   0.420     NaN  0.000E+00        NaN
3   0.420     NaN        NaN        NaN
1   0.430     NaN        NaN        NaN
2   0.430     NaN  0.000E+00        NaN
3   0.430     NaN        NaN        NaN
1   0.440     NaN        NaN        NaN
2   0.440     NaN  0.000E+00        NaN
3   0.440     NaN        NaN        NaN
1   0.450     NaN        NaN        NaN
2   0.450     NaN  0.000E+00        NaN
3   0.450     NaN        NaN        NaN
1   0.460     NaN        NaN        NaN
2   0.460     NaN  0.000E+00        NaN
3   0.460     NaN        NaN        NaN
1   0.470     NaN        NaN        NaN
2   0.470     NaN  0.000E+00        NaN
3   0.470     NaN        NaN        NaN
1   0.480     NaN        NaN        NaN
2   0.480     NaN  0.000E+00        NaN
3   0.480     NaN        NaN        NaN
1   0.490     NaN        NaN        NaN
2   0.490     NaN  0.000E+00        NaN
3   0.490     NaN        NaN        NaN
1   0.500     NaN        NaN        NaN
2   0.500     NaN  0.000E+00        NaN
3   0.500     NaN        NaN        NaN
1   0.510     NaN        NaN        NaN
2   0.510     NaN  0.000E+00        NaN
3   0.510     NaN        NaN        NaN
1   0.520     NaN        NaN        NaN
2   0.520     NaN  0.000E+00        NaN
3   0.520     NaN        NaN        NaN
1   0.530     NaN        NaN        NaN
2   0.530     NaN  0.000E+00        NaN
3   0.530     NaN        NaN        NaN
1   0.540     NaN        NaN        NaN
2   0.540     NaN  0.000E+00        NaN
3   0.540     NaN        NaN        NaN
1   0.550     NaN        NaN        NaN
2   0.550     NaN  0.000E+00        NaN
3   0.550     NaN        NaN        NaN
1   0.560     NaN        NaN        NaN
2   0.560     NaN  0.000E+00        NaN
3   0.560     NaN        NaN        NaN
1   0.570     NaN        NaN        NaN
2   0.570     NaN  0.000E+00        NaN
3   0.570     NaN        NaN        NaN
1   0.580     NaN        NaN        NaN
2   0.580     NaN  0.000E+00        NaN
3   0.580     NaN        NaN        NaN
1   0.590     NaN        NaN        NaN
2   0.590     NaN  0.000E+00        NaN
3   0.590     NaN        NaN        NaN
1   0.600     NaN        NaN        NaN
2   0.600     NaN  0.000E+00        NaN
3   0.600     NaN        NaN        NaN
1   0.610     NaN        NaN        NaN
2   0.610     NaN  0.000E+00        NaN
3   0.610     NaN        NaN        NaN
1   0.620     NaN        NaN        NaN
2   0.620     NaN  0.000E+00        NaN
3   0.620     NaN        NaN        NaN
1   0.630     NaN        NaN        NaN
2   0.630     NaN  0.000E+00        NaN
3   0.630     NaN        NaN        NaN
1   0.640     NaN        NaN        NaN
2   0.640     NaN  0.000E+00        NaN
3   0.640     NaN        NaN        NaN
1   0.650     NaN        NaN        NaN
2   0.650     NaN  0.000E+00        NaN
3   0.650     NaN        NaN        NaN
1   0.660     NaN        NaN        NaN
2   0.660     NaN  0.000E+00        NaN
3   0.660     NaN        NaN        NaN
1   0.670     NaN        NaN        NaN
2   0.670     NaN  0.000E+00        NaN
3   0.670     NaN        NaN        NaN
1   0.680     NaN        NaN        NaN
2   0.680     NaN  0.000E+00        NaN
3   0.680     NaN        NaN        NaN
1   0.690     NaN        NaN        NaN
2   0.690     NaN  0.000E+00        NaN
3   0.690     NaN        NaN        NaN
1   0.700     NaN        NaN        NaN
2   0.700     NaN  0.000E+00        NaN
3   0.700     NaN        NaN        NaN
1   0.710     NaN        NaN        NaN
2   0.710     NaN  0.000E+00        NaN
3   0.710     NaN        NaN        NaN
1   0.720     NaN        NaN        NaN
2   0.720     NaN  0.000E+00        NaN
3   0.720     NaN        NaN        NaN
1   0.730     NaN        NaN        NaN
2   0.730     NaN  0.000E+00        NaN
3   0.730     NaN        NaN        NaN
1   0.740     NaN        NaN        NaN
2   0.740     NaN  0.000E+00        NaN
3   0.740     NaN        NaN        NaN
