3   0.700     4.9 -0.415E-01 -0.190E-02 -0.528E-03 -0.252E-01 -0.115E-02 -0.138E-04 -0.330E-03  0.275E-01  0.172E-01
3   0.706     5.0 -0.415E-01 -0.178E-02 -0.494E-03 -0.251E-01 -0.108E-02 -0.126E-04 -0.308E-03  0.275E-01  0.171E-01
3   0.712     5.0 -0.414E-01 -0.166E-02 -0.462E-03 -0.251E-01 -0.101E-02 -0.115E-04 -0.288E-03  0.274E-01  0.171E-01
3   0.718     5.0 -0.413E-01 -0.155E-02 -0.430E-03 -0.250E-01 -0.938E-03 -0.105E-04 -0.268E-03  0.274E-01  0.170E-01
3   0.724     5.1 -0.411E-01 -0.144E-02 -0.400E-03 -0.249E-01 -0.871E-03 -0.951E-05 -0.248E-03  0.273E-01  0.169E-01
3   0.730     5.1 -0.409E-01 -0.133E-02 -0.370E-03 -0.248E-01 -0.807E-03 -0.861E-05 -0.230E-03  0.272E-01  0.169E-01
3   0.736     5.2 -0.407E-01 -0.123E-02 -0.342E-03 -0.246E-01 -0.745E-03 -0.777E-05 -0.212E-03  0.270E-01  0.168E-01
3   0.742     5.2 -0.405E-01 -0.114E-02 -0.315E-03 -0.245E-01 -0.686E-03 -0.700E-05 -0.195E-03  0.269E-01  0.166E-01
3   0.748     5.3 -0.403E-01 -0.104E-02 -0.290E-03 -0.243E-01 -0.630E-03 -0.628E-05 -0.179E-03  0.267E-01  0.165E-01
3   0.754     5.3 -0.400E-01 -0.955E-03 -0.265E-03 -0.241E-01 -0.576E-03 -0.562E-05 -0.164E-03  0.265E-01  0.164E-01
3   0.761     5.3 -0.397E-01 -0.872E-03 -0.242E-03 -0.239E-01 -0.526E-03 -0.501E-05 -0.149E-03  0.263E-01  0.162E-01
3   0.767     5.4 -0.393E-01 -0.793E-03 -0.220E-03 -0.237E-01 -0.478E-03 -0.445E-05 -0.136E-03  0.261E-01  0.161E-01
3   0.773     5.4 -0.389E-01 -0.718E-03 -0.200E-03 -0.234E-01 -0.433E-03 -0.394E-05 -0.123E-03  0.258E-01  0.159E-01
3   0.779     5.5 -0.385E-01 -0.648E-03 -0.180E-03 -0.232E-01 -0.390E-03 -0.347E-05 -0.111E-03  0.256E-01  0.157E-01
3   0.785     5.5 -0.381E-01 -0.583E-03 -0.162E-03 -0.229E-01 -0.351E-03 -0.304E-05 -0.994E-04  0.253E-01  0.155E-01
3   0.792     5.6 -0.376E-01 -0.522E-03 -0.145E-03 -0.226E-01 -0.314E-03 -0.265E-05 -0.889E-04  0.250E-01  0.153E-01
3   0.798     5.6 -0.370E-01 -0.465E-03 -0.129E-03 -0.223E-01 -0.279E-03 -0.230E-05 -0.791E-04  0.246E-01  0.151E-01
3   0.701     4.9 -0.415E-01 -0.187E-02 -0.521E-03 -0.252E-01 -0.114E-02 -0.135E-04 -0.325E-03  0.275E-01  0.172E-01
3   0.707     5.0 -0.414E-01 -0.175E-02 -0.487E-03 -0.251E-01 -0.106E-02 -0.124E-04 -0.304E-03  0.275E-01  0.171E-01
3   0.713     5.0 -0.413E-01 -0.164E-02 -0.455E-03 -0.251E-01 -0.992E-03 -0.113E-04 -0.283E-03  0.274E-01  0.171E-01
3   0.719     5.0 -0.412E-01 -0.152E-02 -0.423E-03 -0.250E-01 -0.923E-03 -0.103E-04 -0.263E-03  0.274E-01  0.170E-01
3   0.725     5.1 -0.411E-01 -0.141E-02 -0.393E-03 -0.249E-01 -0.856E-03 -0.930E-05 -0.244E-03  0.273E-01  0.169E-01
3   0.731     5.1 -0.409E-01 -0.131E-02 -0.364E-03 -0.247E-01 -0.792E-03 -0.841E-05 -0.226E-03  0.271E-01  0.168E-01
3   0.738     5.2 -0.407E-01 -0.121E-02 -0.336E-03 -0.246E-01 -0.731E-03 -0.759E-05 -0.208E-03  0.270E-01  0.167E-01
3   0.744     5.2 -0.405E-01 -0.111E-02 -0.309E-03 -0.244E-01 -0.673E-03 -0.683E-05 -0.191E-03  0.269E-01  0.166E-01
3   0.750     5.3 -0.402E-01 -0.102E-02 -0.284E-03 -0.243E-01 -0.617E-03 -0.612E-05 -0.176E-03  0.267E-01  0.165E-01
3   0.756     5.3 -0.399E-01 -0.935E-03 -0.260E-03 -0.241E-01 -0.564E-03 -0.547E-05 -0.160E-03  0.265E-01  0.164E-01
3   0.762     5.3 -0.396E-01 -0.853E-03 -0.237E-03 -0.239E-01 -0.514E-03 -0.487E-05 -0.146E-03  0.263E-01  0.162E-01
3   0.768     5.4 -0.392E-01 -0.775E-03 -0.215E-03 -0.236E-01 -0.467E-03 -0.433E-05 -0.133E-03  0.260E-01  0.160E-01
3   0.774     5.4 -0.388E-01 -0.702E-03 -0.195E-03 -0.234E-01 -0.422E-03 -0.382E-05 -0.120E-03  0.258E-01  0.159E-01
3   0.781     5.5 -0.384E-01 -0.633E-03 -0.176E-03 -0.231E-01 -0.381E-03 -0.336E-05 -0.108E-03  0.255E-01  0.157E-01
3   0.787     5.5 -0.379E-01 -0.568E-03 -0.158E-03 -0.228E-01 -0.342E-03 -0.294E-05 -0.968E-04  0.252E-01  0.155E-01
3   0.793     5.6 -0.374E-01 -0.508E-03 -0.141E-03 -0.225E-01 -0.305E-03 -0.256E-05 -0.865E-04  0.249E-01  0.152E-01
3   0.800     5.6 -0.369E-01 -0.452E-03 -0.125E-03 -0.222E-01 -0.271E-03 -0.222E-05 -0.768E-04  0.245E-01  0.150E-01
3   0.703     4.9 -0.415E-01 -0.185E-02 -0.513E-03 -0.252E-01 -0.112E-02 -0.132E-04 -0.320E-03  0.275E-01  0.172E-01
3   0.709     5.0 -0.414E-01 -0.173E-02 -0.480E-03 -0.251E-01 -0.105E-02 -0.121E-04 -0.299E-03  0.275E-01  0.171E-01
3   0.715     5.0 -0.413E-01 -0.161E-02 -0.447E-03 -0.250E-01 -0.976E-03 -0.110E-04 -0.279E-03  0.274E-01  0.171E-01
3   0.721     5.1 -0.412E-01 -0.150E-02 -0.416E-03 -0.249E-01 -0.907E-03 -0.100E-04 -0.259E-03  0.273E-01  0.170E-01
3   0.727     5.1 -0.410E-01 -0.139E-02 -0.386E-03 -0.248E-01 -0.842E-03 -0.909E-05 -0.240E-03  0.272E-01  0.169E-01
3   0.733     5.1 -0.409E-01 -0.129E-02 -0.357E-03 -0.247E-01 -0.778E-03 -0.822E-05 -0.222E-03  0.271E-01  0.168E-01
3   0.739     5.2 -0.406E-01 -0.119E-02 -0.330E-03 -0.246E-01 -0.718E-03 -0.741E-05 -0.204E-03  0.270E-01  0.167E-01
3   0.745     5.2 -0.404E-01 -0.109E-02 -0.303E-03 -0.244E-01 -0.660E-03 -0.666E-05 -0.188E-03  0.268E-01  0.166E-01
3   0.751     5.3 -0.401E-01 -0.100E-02 -0.278E-03 -0.242E-01 -0.605E-03 -0.596E-05 -0.172E-03  0.266E-01  0.165E-01
3   0.757     5.3 -0.398E-01 -0.916E-03 -0.254E-03 -0.240E-01 -0.552E-03 -0.532E-05 -0.157E-03  0.264E-01  0.163E-01
3   0.764     5.4 -0.395E-01 -0.834E-03 -0.232E-03 -0.238E-01 -0.503E-03 -0.474E-05 -0.143E-03  0.262E-01  0.162E-01
3   0.770     5.4 -0.391E-01 -0.757E-03 -0.210E-03 -0.236E-01 -0.456E-03 -0.421E-05 -0.130E-03  0.260E-01  0.160E-01
3   0.776     5.4 -0.387E-01 -0.685E-03 -0.190E-03 -0.233E-01 -0.412E-03 -0.371E-05 -0.117E-03  0.257E-01  0.158E-01
3   0.782     5.5 -0.383E-01 -0.617E-03 -0.171E-03 -0.230E-01 -0.371E-03 -0.326E-05 -0.105E-03  0.254E-01  0.156E-01
3   0.789     5.5 -0.378E-01 -0.553E-03 -0.154E-03 -0.227E-01 -0.333E-03 -0.285E-05 -0.943E-04  0.251E-01  0.154E-01
3   0.795     5.6 -0.373E-01 -0.494E-03 -0.137E-03 -0.224E-01 -0.297E-03 -0.247E-05 -0.841E-04  0.248E-01  0.152E-01
3   0.704     4.9 -0.415E-01 -0.182E-02 -0.506E-03 -0.252E-01 -0.110E-02 -0.130E-04 -0.315E-03  0.275E-01  0.172E-01
3   0.710     5.0 -0.414E-01 -0.170E-02 -0.472E-03 -0.251E-01 -0.103E-02 -0.119E-04 -0.294E-03  0.275E-01  0.171E-01
3   0.716     5.0 -0.413E-01 -0.159E-02 -0.440E-03 -0.250E-01 -0.961E-03 -0.108E-04 -0.274E-03  0.274E-01  0.170E-01
3   0.722     5.1 -0.412E-01 -0.147E-02 -0.409E-03 -0.249E-01 -0.892E-03 -0.981E-05 -0.254E-03  0.273E-01  0.170E-01
3   0.728     5.1 -0.410E-01 -0.137E-02 -0.380E-03 -0.248E-01 -0.827E-03 -0.889E-05 -0.236E-03  0.272E-01  0.169E-01
3   0.734     5.1 -0.408E-01 -0.126E-02 -0.351E-03 -0.247E-01 -0.764E-03 -0.803E-05 -0.218E-03  0.271E-01  0.168E-01
3   0.740     5.2 -0.406E-01 -0.117E-02 -0.324E-03 -0.245E-01 -0.704E-03 -0.723E-05 -0.200E-03  0.269E-01  0.167E-01
3   0.746     5.2 -0.403E-01 -0.107E-02 -0.298E-03 -0.244E-01 -0.647E-03 -0.649E-05 -0.184E-03  0.268E-01  0.166E-01
3   0.753     5.3 -0.401E-01 -0.982E-03 -0.273E-03 -0.242E-01 -0.592E-03 -0.581E-05 -0.168E-03  0.266E-01  0.164E-01
3   0.759     5.3 -0.398E-01 -0.897E-03 -0.249E-03 -0.240E-01 -0.541E-03 -0.518E-05 -0.154E-03  0.264E-01  0.163E-01
3   0.765     5.4 -0.394E-01 -0.816E-03 -0.227E-03 -0.238E-01 -0.492E-03 -0.461E-05 -0.140E-03  0.262E-01  0.161E-01
3   0.771     5.4 -0.390E-01 -0.740E-03 -0.206E-03 -0.235E-01 -0.446E-03 -0.409E-05 -0.127E-03  0.259E-01  0.160E-01
3   0.777     5.4 -0.386E-01 -0.669E-03 -0.186E-03 -0.232E-01 -0.402E-03 -0.360E-05 -0.114E-03  0.256E-01  0.158E-01
3   0.784     5.5 -0.382E-01 -0.601E-03 -0.167E-03 -0.230E-01 -0.362E-03 -0.316E-05 -0.103E-03  0.254E-01  0.156E-01
3   0.790     5.5 -0.377E-01 -0.539E-03 -0.150E-03 -0.227E-01 -0.324E-03 -0.275E-05 -0.918E-04  0.250E-01  0.154E-01
3   0.796     5.6 -0.372E-01 -0.480E-03 -0.133E-03 -0.223E-01 -0.289E-03 -0.239E-05 -0.818E-04  0.247E-01  0.151E-01
3   0.705     4.9 -0.415E-01 -0.179E-02 -0.498E-03 -0.252E-01 -0.109E-02 -0.127E-04 -0.311E-03  0.275E-01  0.172E-01
3   0.711     5.0 -0.414E-01 -0.167E-02 -0.465E-03 -0.251E-01 -0.102E-02 -0.116E-04 -0.290E-03  0.274E-01  0.171E-01
3   0.717     5.0 -0.413E-01 -0.156E-02 -0.433E-03 -0.250E-01 -0.945E-03 -0.106E-04 -0.270E-03  0.274E-01  0.170E-01
3   0.723     5.1 -0.411E-01 -0.145E-02 -0.403E-03 -0.249E-01 -0.877E-03 -0.960E-05 -0.250E-03  0.273E-01  0.170E-01
3   0.730     5.1 -0.410E-01 -0.134E-02 -0.373E-03 -0.248E-01 -0.813E-03 -0.868E-05 -0.232E-03  0.272E-01  0.169E-01
3   0.736     5.1 -0.408E-01 -0.124E-02 -0.345E-03 -0.246E-01 -0.750E-03 -0.784E-05 -0.214E-03  0.271E-01  0.168E-01
3   0.742     5.2 -0.405E-01 -0.114E-02 -0.318E-03 -0.245E-01 -0.691E-03 -0.706E-05 -0.197E-03  0.269E-01  0.167E-01
3   0.748     5.2 -0.403E-01 -0.105E-02 -0.292E-03 -0.243E-01 -0.634E-03 -0.633E-05 -0.180E-03  0.267E-01  0.165E-01
3   0.754     5.3 -0.400E-01 -0.962E-03 -0.267E-03 -0.241E-01 -0.580E-03 -0.566E-05 -0.165E-03  0.265E-01  0.164E-01
3   0.760     5.3 -0.397E-01 -0.878E-03 -0.244E-03 -0.239E-01 -0.529E-03 -0.505E-05 -0.150E-03  0.263E-01  0.162E-01
3   0.766     5.4 -0.393E-01 -0.798E-03 -0.222E-03 -0.237E-01 -0.481E-03 -0.448E-05 -0.137E-03  0.261E-01  0.161E-01
3   0.773     5.4 -0.389E-01 -0.723E-03 -0.201E-03 -0.234E-01 -0.435E-03 -0.397E-05 -0.124E-03  0.259E-01  0.159E-01
3   0.779     5.5 -0.385E-01 -0.652E-03 -0.181E-03 -0.232E-01 -0.393E-03 -0.349E-05 -0.111E-03  0.256E-01  0.157E-01
3   0.785     5.5 -0.381E-01 -0.586E-03 -0.163E-03 -0.229E-01 -0.353E-03 -0.306E-05 -0.100E-03  0.253E-01  0.155E-01
3   0.792     5.5 -0.376E-01 -0.525E-03 -0.146E-03 -0.226E-01 -0.315E-03 -0.266E-05 -0.894E-04  0.250E-01  0.153E-01
3   0.798     5.6 -0.371E-01 -0.467E-03 -0.130E-03 -0.223E-01 -0.281E-03 -0.231E-05 -0.795E-04  0.246E-01  0.151E-01
3   0.707     4.9 -0.414E-01 -0.177E-02 -0.491E-03 -0.251E-01 -0.107E-02 -0.125E-04 -0.306E-03  0.275E-01  0.171E-01
3   0.713     5.0 -0.414E-01 -0.165E-02 -0.458E-03 -0.251E-01 -0.999E-03 -0.114E-04 -0.285E-03  0.274E-01  0.171E-01
3   0.719     5.0 -0.412E-01 -0.153E-02 -0.426E-03 -0.250E-01 -0.930E-03 -0.103E-04 -0.265E-03  0.274E-01  0.170E-01
3   0.725     5.1 -0.411E-01 -0.143E-02 -0.396E-03 -0.249E-01 -0.863E-03 -0.938E-05 -0.246E-03  0.273E-01  0.169E-01
3   0.731     5.1 -0.409E-01 -0.132E-02 -0.367E-03 -0.247E-01 -0.798E-03 -0.848E-05 -0.227E-03  0.272E-01  0.168E-01
3   0.737     5.2 -0.407E-01 -0.122E-02 -0.338E-03 -0.246E-01 -0.737E-03 -0.765E-05 -0.210E-03  0.270E-01  0.167E-01
3   0.743     5.2 -0.405E-01 -0.112E-02 -0.312E-03 -0.245E-01 -0.678E-03 -0.688E-05 -0.193E-03  0.269E-01  0.166E-01
3   0.749     5.2 -0.402E-01 -0.103E-02 -0.286E-03 -0.243E-01 -0.622E-03 -0.617E-05 -0.177E-03  0.267E-01  0.165E-01
3   0.756     5.3 -0.399E-01 -0.942E-03 -0.262E-03 -0.241E-01 -0.568E-03 -0.551E-05 -0.162E-03  0.265E-01  0.164E-01
3   0.762     5.3 -0.396E-01 -0.859E-03 -0.239E-03 -0.239E-01 -0.518E-03 -0.491E-05 -0.147E-03  0.263E-01  0.162E-01
3   0.768     5.4 -0.392E-01 -0.780E-03 -0.217E-03 -0.236E-01 -0.470E-03 -0.436E-05 -0.133E-03  0.261E-01  0.160E-01
3   0.774     5.4 -0.388E-01 -0.706E-03 -0.196E-03 -0.234E-01 -0.425E-03 -0.385E-05 -0.121E-03  0.258E-01  0.159E-01
3   0.780     5.5 -0.384E-01 -0.636E-03 -0.177E-03 -0.231E-01 -0.383E-03 -0.338E-05 -0.109E-03  0.255E-01  0.157E-01
3   0.787     5.5 -0.380E-01 -0.571E-03 -0.159E-03 -0.228E-01 -0.344E-03 -0.296E-05 -0.974E-04  0.252E-01  0.155E-01
3   0.793     5.5 -0.375E-01 -0.511E-03 -0.142E-03 -0.225E-01 -0.307E-03 -0.258E-05 -0.869E-04  0.249E-01  0.153E-01
3   0.799     5.6 -0.369E-01 -0.454E-03 -0.126E-03 -0.222E-01 -0.273E-03 -0.223E-05 -0.772E-04  0.245E-01  0.150E-01
3   0.708     4.9 -0.414E-01 -0.174E-02 -0.484E-03 -0.251E-01 -0.106E-02 -0.122E-04 -0.301E-03  0.275E-01  0.171E-01
3   0.714     5.0 -0.413E-01 -0.162E-02 -0.451E-03 -0.250E-01 -0.984E-03 -0.111E-04 -0.281E-03  0.274E-01  0.171E-01
3   0.720     5.0 -0.412E-01 -0.151E-02 -0.419E-03 -0.250E-01 -0.914E-03 -0.101E-04 -0.261E-03  0.273E-01  0.170E-01
3   0.726     5.1 -0.411E-01 -0.140E-02 -0.389E-03 -0.248E-01 -0.848E-03 -0.917E-05 -0.242E-03  0.272E-01  0.169E-01
3   0.732     5.1 -0.409E-01 -0.130E-02 -0.360E-03 -0.247E-01 -0.784E-03 -0.829E-05 -0.223E-03  0.271E-01  0.168E-01
3   0.738     5.2 -0.407E-01 -0.120E-02 -0.332E-03 -0.246E-01 -0.723E-03 -0.747E-05 -0.206E-03  0.270E-01  0.167E-01
3   0.745     5.2 -0.404E-01 -0.110E-02 -0.306E-03 -0.244E-01 -0.665E-03 -0.672E-05 -0.189E-03  0.268E-01  0.166E-01
3   0.751     5.2 -0.401E-01 -0.101E-02 -0.280E-03 -0.242E-01 -0.609E-03 -0.601E-05 -0.173E-03  0.267E-01  0.165E-01
3   0.757     5.3 -0.398E-01 -0.922E-03 -0.256E-03 -0.240E-01 -0.556E-03 -0.537E-05 -0.158E-03  0.265E-01  0.163E-01
3   0.763     5.3 -0.395E-01 -0.840E-03 -0.233E-03 -0.238E-01 -0.506E-03 -0.478E-05 -0.144E-03  0.262E-01  0.162E-01
3   0.769     5.4 -0.391E-01 -0.763E-03 -0.212E-03 -0.236E-01 -0.459E-03 -0.424E-05 -0.130E-03  0.260E-01  0.160E-01
3   0.776     5.4 -0.387E-01 -0.689E-03 -0.191E-03 -0.233E-01 -0.415E-03 -0.374E-05 -0.118E-03  0.257E-01  0.158E-01
3   0.782     5.5 -0.383E-01 -0.621E-03 -0.172E-03 -0.230E-01 -0.373E-03 -0.328E-05 -0.106E-03  0.254E-01  0.156E-01
3   0.788     5.5 -0.378E-01 -0.557E-03 -0.155E-03 -0.228E-01 -0.335E-03 -0.286E-05 -0.949E-04  0.251E-01  0.154E-01
3   0.795     5.6 -0.373E-01 -0.497E-03 -0.138E-03 -0.224E-01 -0.298E-03 -0.249E-05 -0.846E-04  0.248E-01  0.152E-01
3   0.709     5.0 -0.414E-01 -0.171E-02 -0.476E-03 -0.251E-01 -0.104E-02 -0.120E-04 -0.297E-03  0.275E-01  0.171E-01
3   0.716     5.0 -0.413E-01 -0.160E-02 -0.444E-03 -0.250E-01 -0.968E-03 -0.109E-04 -0.276E-03  0.274E-01  0.171E-01
3   0.722     5.0 -0.412E-01 -0.149E-02 -0.413E-03 -0.249E-01 -0.899E-03 -0.990E-05 -0.256E-03  0.273E-01  0.170E-01
3   0.728     5.1 -0.410E-01 -0.138E-02 -0.383E-03 -0.248E-01 -0.833E-03 -0.896E-05 -0.237E-03  0.272E-01  0.169E-01
3   0.734     5.1 -0.408E-01 -0.127E-02 -0.354E-03 -0.247E-01 -0.770E-03 -0.810E-05 -0.219E-03  0.271E-01  0.168E-01
3   0.740     5.2 -0.406E-01 -0.117E-02 -0.326E-03 -0.245E-01 -0.709E-03 -0.729E-05 -0.202E-03  0.270E-01  0.167E-01
3   0.746     5.2 -0.404E-01 -0.108E-02 -0.300E-03 -0.244E-01 -0.652E-03 -0.655E-05 -0.185E-03  0.268E-01  0.166E-01
3   0.752     5.3 -0.401E-01 -0.989E-03 -0.275E-03 -0.242E-01 -0.597E-03 -0.586E-05 -0.170E-03  0.266E-01  0.164E-01
3   0.758     5.3 -0.398E-01 -0.903E-03 -0.251E-03 -0.240E-01 -0.545E-03 -0.522E-05 -0.155E-03  0.264E-01  0.163E-01
3   0.765     5.3 -0.394E-01 -0.822E-03 -0.228E-03 -0.238E-01 -0.495E-03 -0.465E-05 -0.141E-03  0.262E-01  0.161E-01
3   0.771     5.4 -0.391E-01 -0.745E-03 -0.207E-03 -0.235E-01 -0.449E-03 -0.412E-05 -0.127E-03  0.259E-01  0.160E-01
3   0.777     5.4 -0.386E-01 -0.673E-03 -0.187E-03 -0.233E-01 -0.405E-03 -0.363E-05 -0.115E-03  0.257E-01  0.158E-01
3   0.783     5.5 -0.382E-01 -0.605E-03 -0.168E-03 -0.230E-01 -0.364E-03 -0.318E-05 -0.103E-03  0.254E-01  0.156E-01
3   0.790     5.5 -0.377E-01 -0.542E-03 -0.151E-03 -0.227E-01 -0.326E-03 -0.277E-05 -0.924E-04  0.251E-01  0.154E-01
3   0.796     5.6 -0.372E-01 -0.483E-03 -0.134E-03 -0.224E-01 -0.290E-03 -0.241E-05 -0.822E-04  0.247E-01  0.151E-01
3   0.711     5.0 -0.414E-01 -0.169E-02 -0.469E-03 -0.251E-01 -0.102E-02 -0.117E-04 -0.292E-03  0.275E-01  0.171E-01
3   0.717     5.0 -0.413E-01 -0.157E-02 -0.437E-03 -0.250E-01 -0.953E-03 -0.107E-04 -0.272E-03  0.274E-01  0.170E-01
3   0.723     5.0 -0.411E-01 -0.146E-02 -0.406E-03 -0.249E-01 -0.884E-03 -0.968E-05 -0.252E-03  0.273E-01  0.170E-01
3   0.729     5.1 -0.410E-01 -0.135E-02 -0.376E-03 -0.248E-01 -0.819E-03 -0.876E-05 -0.233E-03  0.272E-01  0.169E-01
3   0.735     5.1 -0.408E-01 -0.125E-02 -0.347E-03 -0.247E-01 -0.756E-03 -0.791E-05 -0.215E-03  0.271E-01  0.168E-01
3   0.741     5.2 -0.406E-01 -0.115E-02 -0.320E-03 -0.245E-01 -0.696E-03 -0.712E-05 -0.198E-03  0.269E-01  0.167E-01
3   0.747     5.2 -0.403E-01 -0.106E-02 -0.294E-03 -0.243E-01 -0.639E-03 -0.638E-05 -0.182E-03  0.267E-01  0.165E-01
3   0.754     5.3 -0.400E-01 -0.969E-03 -0.269E-03 -0.241E-01 -0.585E-03 -0.571E-05 -0.166E-03  0.266E-01  0.164E-01
3   0.760     5.3 -0.397E-01 -0.884E-03 -0.246E-03 -0.239E-01 -0.533E-03 -0.509E-05 -0.151E-03  0.264E-01  0.163E-01
3   0.766     5.3 -0.393E-01 -0.804E-03 -0.223E-03 -0.237E-01 -0.484E-03 -0.452E-05 -0.138E-03  0.261E-01  0.161E-01
3   0.772     5.4 -0.390E-01 -0.728E-03 -0.202E-03 -0.235E-01 -0.438E-03 -0.400E-05 -0.124E-03  0.259E-01  0.159E-01
3   0.779     5.4 -0.385E-01 -0.657E-03 -0.182E-03 -0.232E-01 -0.395E-03 -0.352E-05 -0.112E-03  0.256E-01  0.157E-01
3   0.785     5.5 -0.381E-01 -0.590E-03 -0.164E-03 -0.229E-01 -0.355E-03 -0.308E-05 -0.101E-03  0.253E-01  0.155E-01
3   0.791     5.5 -0.376E-01 -0.528E-03 -0.147E-03 -0.226E-01 -0.317E-03 -0.268E-05 -0.899E-04  0.250E-01  0.153E-01
3   0.798     5.6 -0.371E-01 -0.470E-03 -0.131E-03 -0.223E-01 -0.282E-03 -0.232E-05 -0.800E-04  0.246E-01  0.151E-01
3   0.712     5.0 -0.414E-01 -0.166E-02 -0.462E-03 -0.251E-01 -0.101E-02 -0.115E-04 -0.288E-03  0.274E-01  0.171E-01
3   0.718     5.0 -0.412E-01 -0.155E-02 -0.430E-03 -0.250E-01 -0.937E-03 -0.104E-04 -0.267E-03  0.274E-01  0.170E-01
3   0.724     5.0 -0.411E-01 -0.144E-02 -0.399E-03 -0.249E-01 -0.869E-03 -0.947E-05 -0.248E-03  0.273E-01  0.169E-01
3   0.730     5.1 -0.409E-01 -0.133E-02 -0.369E-03 -0.248E-01 -0.805E-03 -0.856E-05 -0.229E-03  0.272E-01  0.168E-01
3   0.737     5.1 -0.407E-01 -0.123E-02 -0.341E-03 -0.246E-01 -0.742E-03 -0.772E-05 -0.211E-03  0.270E-01  0.167E-01
3   0.743     5.2 -0.405E-01 -0.113E-02 -0.314E-03 -0.245E-01 -0.683E-03 -0.694E-05 -0.194E-03  0.269E-01  0.166E-01
3   0.749     5.2 -0.402E-01 -0.104E-02 -0.288E-03 -0.243E-01 -0.626E-03 -0.622E-05 -0.178E-03  0.267E-01  0.165E-01
3   0.755     5.3 -0.399E-01 -0.949E-03 -0.264E-03 -0.241E-01 -0.572E-03 -0.556E-05 -0.163E-03  0.265E-01  0.164E-01
3   0.761     5.3 -0.396E-01 -0.865E-03 -0.240E-03 -0.239E-01 -0.522E-03 -0.495E-05 -0.148E-03  0.263E-01  0.162E-01
3   0.768     5.3 -0.393E-01 -0.786E-03 -0.218E-03 -0.237E-01 -0.473E-03 -0.439E-05 -0.134E-03  0.261E-01  0.161E-01
3   0.774     5.4 -0.389E-01 -0.711E-03 -0.197E-03 -0.234E-01 -0.428E-03 -0.388E-05 -0.121E-03  0.258E-01  0.159E-01
3   0.780     5.4 -0.384E-01 -0.641E-03 -0.178E-03 -0.231E-01 -0.386E-03 -0.341E-05 -0.109E-03  0.255E-01  0.157E-01
3   0.786     5.5 -0.380E-01 -0.575E-03 -0.160E-03 -0.228E-01 -0.346E-03 -0.298E-05 -0.980E-04  0.252E-01  0.155E-01
3   0.793     5.5 -0.375E-01 -0.514E-03 -0.143E-03 -0.225E-01 -0.309E-03 -0.259E-05 -0.875E-04  0.249E-01  0.153E-01
3   0.799     5.6 -0.369E-01 -0.457E-03 -0.127E-03 -0.222E-01 -0.274E-03 -0.224E-05 -0.777E-04  0.245E-01  0.150E-01
3   0.714     5.0 -0.413E-01 -0.164E-02 -0.455E-03 -0.251E-01 -0.992E-03 -0.112E-04 -0.283E-03  0.274E-01  0.171E-01
3   0.720     5.0 -0.412E-01 -0.152E-02 -0.423E-03 -0.250E-01 -0.922E-03 -0.102E-04 -0.263E-03  0.273E-01  0.170E-01
3   0.726     5.1 -0.411E-01 -0.141E-02 -0.392E-03 -0.249E-01 -0.855E-03 -0.926E-05 -0.244E-03  0.272E-01  0.169E-01
3   0.732     5.1 -0.409E-01 -0.131E-02 -0.363E-03 -0.247E-01 -0.790E-03 -0.836E-05 -0.225E-03  0.271E-01  0.168E-01
3   0.738     5.1 -0.407E-01 -0.121E-02 -0.335E-03 -0.246E-01 -0.729E-03 -0.754E-05 -0.207E-03  0.270E-01  0.167E-01
3   0.744     5.2 -0.404E-01 -0.111E-02 -0.308E-03 -0.244E-01 -0.670E-03 -0.677E-05 -0.191E-03  0.268E-01  0.166E-01
3   0.750     5.2 -0.402E-01 -0.102E-02 -0.282E-03 -0.242E-01 -0.614E-03 -0.606E-05 -0.175E-03  0.267E-01  0.165E-01
3   0.757     5.3 -0.399E-01 -0.929E-03 -0.258E-03 -0.240E-01 -0.561E-03 -0.541E-05 -0.159E-03  0.265E-01  0.163E-01
3   0.763     5.3 -0.395E-01 -0.846E-03 -0.235E-03 -0.238E-01 -0.510E-03 -0.482E-05 -0.145E-03  0.262E-01  0.162E-01
3   0.769     5.4 -0.392E-01 -0.768E-03 -0.213E-03 -0.236E-01 -0.463E-03 -0.427E-05 -0.131E-03  0.260E-01  0.160E-01
3   0.775     5.4 -0.388E-01 -0.694E-03 -0.193E-03 -0.233E-01 -0.418E-03 -0.377E-05 -0.119E-03  0.257E-01  0.158E-01
3   0.782     5.4 -0.383E-01 -0.625E-03 -0.174E-03 -0.231E-01 -0.376E-03 -0.330E-05 -0.107E-03  0.255E-01  0.156E-01
3   0.788     5.5 -0.379E-01 -0.560E-03 -0.156E-03 -0.228E-01 -0.337E-03 -0.289E-05 -0.955E-04  0.251E-01  0.154E-01
3   0.794     5.5 -0.374E-01 -0.500E-03 -0.139E-03 -0.224E-01 -0.300E-03 -0.251E-05 -0.851E-04  0.248E-01  0.152E-01
3   0.715     5.0 -0.413E-01 -0.161E-02 -0.447E-03 -0.250E-01 -0.976E-03 -0.110E-04 -0.278E-03  0.274E-01  0.171E-01
3   0.721     5.0 -0.412E-01 -0.150E-02 -0.416E-03 -0.249E-01 -0.907E-03 -0.100E-04 -0.259E-03  0.273E-01  0.170E-01
3   0.727     5.1 -0.410E-01 -0.139E-02 -0.386E-03 -0.248E-01 -0.840E-03 -0.905E-05 -0.239E-03  0.272E-01  0.169E-01
3   0.733     5.1 -0.408E-01 -0.128E-02 -0.357E-03 -0.247E-01 -0.776E-03 -0.817E-05 -0.221E-03  0.271E-01  0.168E-01
3   0.739     5.1 -0.406E-01 -0.118E-02 -0.329E-03 -0.246E-01 -0.715E-03 -0.736E-05 -0.204E-03  0.270E-01  0.167E-01
3   0.746     5.2 -0.404E-01 -0.109E-02 -0.302E-03 -0.244E-01 -0.657E-03 -0.661E-05 -0.187E-03  0.268E-01  0.166E-01
3   0.752     5.2 -0.401E-01 -0.996E-03 -0.277E-03 -0.242E-01 -0.601E-03 -0.591E-05 -0.171E-03  0.266E-01  0.164E-01
3   0.758     5.3 -0.398E-01 -0.910E-03 -0.253E-03 -0.240E-01 -0.549E-03 -0.527E-05 -0.156E-03  0.264E-01  0.163E-01
3   0.764     5.3 -0.395E-01 -0.828E-03 -0.230E-03 -0.238E-01 -0.499E-03 -0.469E-05 -0.142E-03  0.262E-01  0.161E-01
3   0.771     5.4 -0.391E-01 -0.751E-03 -0.208E-03 -0.235E-01 -0.452E-03 -0.415E-05 -0.128E-03  0.259E-01  0.160E-01
3   0.777     5.4 -0.387E-01 -0.678E-03 -0.188E-03 -0.233E-01 -0.408E-03 -0.365E-05 -0.116E-03  0.257E-01  0.158E-01
3   0.783     5.4 -0.382E-01 -0.609E-03 -0.169E-03 -0.230E-01 -0.367E-03 -0.320E-05 -0.104E-03  0.254E-01  0.156E-01
3   0.789     5.5 -0.377E-01 -0.546E-03 -0.152E-03 -0.227E-01 -0.328E-03 -0.279E-05 -0.930E-04  0.251E-01  0.154E-01
3   0.796     5.5 -0.372E-01 -0.486E-03 -0.135E-03 -0.224E-01 -0.292E-03 -0.242E-05 -0.828E-04  0.247E-01  0.152E-01
3   0.716     5.0 -0.413E-01 -0.159E-02 -0.440E-03 -0.250E-01 -0.960E-03 -0.108E-04 -0.274E-03  0.274E-01  0.170E-01
3   0.722     5.0 -0.412E-01 -0.147E-02 -0.409E-03 -0.249E-01 -0.892E-03 -0.978E-05 -0.254E-03  0.273E-01  0.170E-01
3   0.729     5.1 -0.410E-01 -0.136E-02 -0.379E-03 -0.248E-01 -0.826E-03 -0.884E-05 -0.235E-03  0.272E-01  0.169E-01
3   0.735     5.1 -0.408E-01 -0.126E-02 -0.350E-03 -0.247E-01 -0.762E-03 -0.798E-05 -0.217E-03  0.271E-01  0.168E-01
3   0.741     5.2 -0.406E-01 -0.116E-02 -0.323E-03 -0.245E-01 -0.702E-03 -0.718E-05 -0.200E-03  0.269E-01  0.167E-01
3   0.747     5.2 -0.403E-01 -0.107E-02 -0.296E-03 -0.243E-01 -0.644E-03 -0.644E-05 -0.183E-03  0.268E-01  0.165E-01
3   0.753     5.2 -0.400E-01 -0.976E-03 -0.271E-03 -0.242E-01 -0.589E-03 -0.576E-05 -0.167E-03  0.266E-01  0.164E-01
3   0.759     5.3 -0.397E-01 -0.891E-03 -0.247E-03 -0.240E-01 -0.537E-03 -0.513E-05 -0.153E-03  0.264E-01  0.163E-01
3   0.766     5.3 -0.394E-01 -0.810E-03 -0.225E-03 -0.237E-01 -0.488E-03 -0.456E-05 -0.139E-03  0.261E-01  0.161E-01
3   0.772     5.4 -0.390E-01 -0.733E-03 -0.204E-03 -0.235E-01 -0.442E-03 -0.403E-05 -0.125E-03  0.259E-01  0.159E-01
3   0.778     5.4 -0.386E-01 -0.661E-03 -0.184E-03 -0.232E-01 -0.398E-03 -0.354E-05 -0.113E-03  0.256E-01  0.157E-01
3   0.785     5.5 -0.381E-01 -0.594E-03 -0.165E-03 -0.229E-01 -0.357E-03 -0.310E-05 -0.101E-03  0.253E-01  0.155E-01
3   0.791     5.5 -0.376E-01 -0.531E-03 -0.148E-03 -0.226E-01 -0.319E-03 -0.270E-05 -0.905E-04  0.250E-01  0.153E-01
3   0.797     5.5 -0.371E-01 -0.473E-03 -0.131E-03 -0.223E-01 -0.284E-03 -0.234E-05 -0.805E-04  0.246E-01  0.151E-01
3   0.718     5.0 -0.413E-01 -0.156E-02 -0.433E-03 -0.250E-01 -0.945E-03 -0.105E-04 -0.270E-03  0.274E-01  0.170E-01
3   0.724     5.0 -0.411E-01 -0.145E-02 -0.402E-03 -0.249E-01 -0.877E-03 -0.956E-05 -0.250E-03  0.273E-01  0.169E-01
3   0.730     5.1 -0.409E-01 -0.134E-02 -0.373E-03 -0.248E-01 -0.811E-03 -0.864E-05 -0.231E-03  0.272E-01  0.169E-01
3   0.736     5.1 -0.407E-01 -0.124E-02 -0.344E-03 -0.246E-01 -0.748E-03 -0.779E-05 -0.213E-03  0.270E-01  0.168E-01
3   0.742     5.2 -0.405E-01 -0.114E-02 -0.317E-03 -0.245E-01 -0.688E-03 -0.701E-05 -0.196E-03  0.269E-01  0.166E-01
3   0.748     5.2 -0.403E-01 -0.105E-02 -0.290E-03 -0.243E-01 -0.631E-03 -0.628E-05 -0.180E-03  0.267E-01  0.165E-01
3   0.755     5.2 -0.400E-01 -0.956E-03 -0.266E-03 -0.241E-01 -0.577E-03 -0.561E-05 -0.164E-03  0.265E-01  0.164E-01
3   0.761     5.3 -0.396E-01 -0.872E-03 -0.242E-03 -0.239E-01 -0.526E-03 -0.499E-05 -0.149E-03  0.263E-01  0.162E-01
3   0.767     5.3 -0.393E-01 -0.792E-03 -0.220E-03 -0.237E-01 -0.477E-03 -0.443E-05 -0.135E-03  0.261E-01  0.161E-01
3   0.773     5.4 -0.389E-01 -0.716E-03 -0.199E-03 -0.234E-01 -0.431E-03 -0.391E-05 -0.122E-03  0.258E-01  0.159E-01
3   0.780     5.4 -0.385E-01 -0.645E-03 -0.179E-03 -0.231E-01 -0.388E-03 -0.344E-05 -0.110E-03  0.255E-01  0.157E-01
3   0.786     5.5 -0.380E-01 -0.579E-03 -0.161E-03 -0.229E-01 -0.348E-03 -0.300E-05 -0.987E-04  0.252E-01  0.155E-01
3   0.792     5.5 -0.375E-01 -0.517E-03 -0.144E-03 -0.225E-01 -0.311E-03 -0.261E-05 -0.881E-04  0.249E-01  0.153E-01
3   0.799     5.5 -0.370E-01 -0.460E-03 -0.128E-03 -0.222E-01 -0.276E-03 -0.226E-05 -0.782E-04  0.246E-01  0.150E-01
3   0.719     5.0 -0.412E-01 -0.153E-02 -0.426E-03 -0.250E-01 -0.930E-03 -0.103E-04 -0.265E-03  0.274E-01  0.170E-01
3   0.725     5.0 -0.411E-01 -0.142E-02 -0.396E-03 -0.249E-01 -0.862E-03 -0.935E-05 -0.246E-03  0.273E-01  0.169E-01
3   0.731     5.1 -0.409E-01 -0.132E-02 -0.366E-03 -0.247E-01 -0.797E-03 -0.845E-05 -0.227E-03  0.271E-01  0.168E-01
3   0.737     5.1 -0.407E-01 -0.122E-02 -0.338E-03 -0.246E-01 -0.735E-03 -0.761E-05 -0.209E-03  0.270E-01  0.167E-01
3   0.744     5.2 -0.405E-01 -0.112E-02 -0.311E-03 -0.244E-01 -0.675E-03 -0.684E-05 -0.192E-03  0.269E-01  0.166E-01
3   0.750     5.2 -0.402E-01 -0.103E-02 -0.285E-03 -0.243E-01 -0.619E-03 -0.612E-05 -0.176E-03  0.267E-01  0.165E-01
3   0.756     5.2 -0.399E-01 -0.937E-03 -0.260E-03 -0.241E-01 -0.565E-03 -0.546E-05 -0.161E-03  0.265E-01  0.163E-01
3   0.762     5.3 -0.396E-01 -0.853E-03 -0.237E-03 -0.238E-01 -0.514E-03 -0.486E-05 -0.146E-03  0.263E-01  0.162E-01
3   0.769     5.3 -0.392E-01 -0.774E-03 -0.215E-03 -0.236E-01 -0.466E-03 -0.431E-05 -0.132E-03  0.260E-01  0.160E-01
3   0.775     5.4 -0.388E-01 -0.699E-03 -0.194E-03 -0.234E-01 -0.421E-03 -0.380E-05 -0.120E-03  0.258E-01  0.158E-01
3   0.781     5.4 -0.384E-01 -0.630E-03 -0.175E-03 -0.231E-01 -0.379E-03 -0.333E-05 -0.107E-03  0.255E-01  0.157E-01
3   0.788     5.5 -0.379E-01 -0.564E-03 -0.157E-03 -0.228E-01 -0.339E-03 -0.291E-05 -0.962E-04  0.252E-01  0.154E-01
3   0.794     5.5 -0.374E-01 -0.503E-03 -0.140E-03 -0.225E-01 -0.303E-03 -0.253E-05 -0.857E-04  0.248E-01  0.152E-01
3   0.720     5.0 -0.412E-01 -0.151E-02 -0.419E-03 -0.250E-01 -0.914E-03 -0.101E-04 -0.261E-03  0.273E-01  0.170E-01
3   0.727     5.0 -0.410E-01 -0.140E-02 -0.389E-03 -0.248E-01 -0.847E-03 -0.914E-05 -0.241E-03  0.272E-01  0.169E-01
3   0.733     5.1 -0.409E-01 -0.129E-02 -0.360E-03 -0.247E-01 -0.783E-03 -0.825E-05 -0.223E-03  0.271E-01  0.168E-01
3   0.739     5.1 -0.406E-01 -0.119E-02 -0.331E-03 -0.246E-01 -0.721E-03 -0.743E-05 -0.205E-03  0.270E-01  0.167E-01
3   0.745     5.2 -0.404E-01 -0.110E-02 -0.305E-03 -0.244E-01 -0.662E-03 -0.667E-05 -0.188E-03  0.268E-01  0.166E-01
3   0.751     5.2 -0.401E-01 -0.100E-02 -0.279E-03 -0.242E-01 -0.606E-03 -0.596E-05 -0.172E-03  0.266E-01  0.165E-01
3   0.758     5.3 -0.398E-01 -0.917E-03 -0.255E-03 -0.240E-01 -0.553E-03 -0.532E-05 -0.157E-03  0.264E-01  0.163E-01
3   0.764     5.3 -0.395E-01 -0.834E-03 -0.232E-03 -0.238E-01 -0.503E-03 -0.473E-05 -0.143E-03  0.262E-01  0.162E-01
3   0.770     5.3 -0.391E-01 -0.756E-03 -0.210E-03 -0.236E-01 -0.456E-03 -0.419E-05 -0.129E-03  0.260E-01  0.160E-01
3   0.776     5.4 -0.387E-01 -0.683E-03 -0.190E-03 -0.233E-01 -0.411E-03 -0.369E-05 -0.117E-03  0.257E-01  0.158E-01
3   0.783     5.4 -0.383E-01 -0.614E-03 -0.171E-03 -0.230E-01 -0.369E-03 -0.323E-05 -0.105E-03  0.254E-01  0.156E-01
3   0.789     5.5 -0.378E-01 -0.550E-03 -0.153E-03 -0.227E-01 -0.330E-03 -0.282E-05 -0.937E-04  0.251E-01  0.154E-01
3   0.796     5.5 -0.373E-01 -0.490E-03 -0.136E-03 -0.224E-01 -0.294E-03 -0.244E-05 -0.834E-04  0.247E-01  0.152E-01
3   0.722     5.0 -0.412E-01 -0.149E-02 -0.413E-03 -0.249E-01 -0.899E-03 -0.988E-05 -0.256E-03  0.273E-01  0.170E-01
3   0.728     5.0 -0.410E-01 -0.138E-02 -0.382E-03 -0.248E-01 -0.833E-03 -0.893E-05 -0.237E-03  0.272E-01  0.169E-01
3   0.734     5.1 -0.408E-01 -0.127E-02 -0.353E-03 -0.247E-01 -0.769E-03 -0.806E-05 -0.219E-03  0.271E-01  0.168E-01
3   0.740     5.1 -0.406E-01 -0.117E-02 -0.325E-03 -0.245E-01 -0.708E-03 -0.725E-05 -0.201E-03  0.269E-01  0.167E-01
3   0.747     5.2 -0.403E-01 -0.108E-02 -0.299E-03 -0.244E-01 -0.649E-03 -0.650E-05 -0.185E-03  0.268E-01  0.166E-01
3   0.753     5.2 -0.401E-01 -0.984E-03 -0.273E-03 -0.242E-01 -0.594E-03 -0.581E-05 -0.169E-03  0.266E-01  0.164E-01
3   0.759     5.3 -0.397E-01 -0.898E-03 -0.249E-03 -0.240E-01 -0.542E-03 -0.518E-05 -0.154E-03  0.264E-01  0.163E-01
3   0.765     5.3 -0.394E-01 -0.816E-03 -0.227E-03 -0.237E-01 -0.492E-03 -0.460E-05 -0.140E-03  0.262E-01  0.161E-01
3   0.772     5.3 -0.390E-01 -0.739E-03 -0.205E-03 -0.235E-01 -0.445E-03 -0.407E-05 -0.126E-03  0.259E-01  0.159E-01
3   0.778     5.4 -0.386E-01 -0.667E-03 -0.185E-03 -0.232E-01 -0.401E-03 -0.357E-05 -0.114E-03  0.256E-01  0.158E-01
3   0.784     5.4 -0.381E-01 -0.599E-03 -0.166E-03 -0.229E-01 -0.360E-03 -0.313E-05 -0.102E-03  0.253E-01  0.156E-01
3   0.791     5.5 -0.377E-01 -0.535E-03 -0.149E-03 -0.226E-01 -0.322E-03 -0.272E-05 -0.912E-04  0.250E-01  0.153E-01
3   0.797     5.5 -0.371E-01 -0.476E-03 -0.132E-03 -0.223E-01 -0.286E-03 -0.236E-05 -0.811E-04  0.247E-01  0.151E-01
3   0.723     5.0 -0.411E-01 -0.146E-02 -0.406E-03 -0.249E-01 -0.884E-03 -0.966E-05 -0.252E-03  0.273E-01  0.170E-01
3   0.729     5.0 -0.410E-01 -0.135E-02 -0.376E-03 -0.248E-01 -0.818E-03 -0.873E-05 -0.233E-03  0.272E-01  0.169E-01
3   0.736     5.1 -0.408E-01 -0.125E-02 -0.347E-03 -0.246E-01 -0.755E-03 -0.787E-05 -0.215E-03  0.271E-01  0.168E-01
3   0.742     5.1 -0.405E-01 -0.115E-02 -0.319E-03 -0.245E-01 -0.694E-03 -0.708E-05 -0.198E-03  0.269E-01  0.167E-01
3   0.748     5.2 -0.403E-01 -0.105E-02 -0.293E-03 -0.243E-01 -0.637E-03 -0.634E-05 -0.181E-03  0.267E-01  0.165E-01
3   0.754     5.2 -0.400E-01 -0.964E-03 -0.268E-03 -0.241E-01 -0.582E-03 -0.566E-05 -0.165E-03  0.265E-01  0.164E-01
3   0.760     5.3 -0.397E-01 -0.879E-03 -0.244E-03 -0.239E-01 -0.530E-03 -0.504E-05 -0.151E-03  0.263E-01  0.162E-01
3   0.767     5.3 -0.393E-01 -0.798E-03 -0.222E-03 -0.237E-01 -0.481E-03 -0.447E-05 -0.137E-03  0.261E-01  0.161E-01
3   0.773     5.4 -0.389E-01 -0.722E-03 -0.201E-03 -0.234E-01 -0.435E-03 -0.395E-05 -0.123E-03  0.258E-01  0.159E-01
3   0.779     5.4 -0.385E-01 -0.650E-03 -0.181E-03 -0.232E-01 -0.391E-03 -0.347E-05 -0.111E-03  0.256E-01  0.157E-01
3   0.786     5.4 -0.380E-01 -0.584E-03 -0.162E-03 -0.229E-01 -0.351E-03 -0.303E-05 -0.995E-04  0.253E-01  0.155E-01
3   0.792     5.5 -0.375E-01 -0.521E-03 -0.145E-03 -0.226E-01 -0.313E-03 -0.263E-05 -0.888E-04  0.249E-01  0.153E-01
3   0.799     5.5 -0.370E-01 -0.463E-03 -0.129E-03 -0.222E-01 -0.278E-03 -0.228E-05 -0.788E-04  0.246E-01  0.151E-01
3   0.725     5.0 -0.411E-01 -0.144E-02 -0.399E-03 -0.249E-01 -0.870E-03 -0.944E-05 -0.248E-03  0.273E-01  0.169E-01
3   0.731     5.1 -0.409E-01 -0.133E-02 -0.369E-03 -0.248E-01 -0.804E-03 -0.853E-05 -0.229E-03  0.272E-01  0.168E-01
3   0.737     5.1 -0.407E-01 -0.123E-02 -0.341E-03 -0.246E-01 -0.741E-03 -0.769E-05 -0.211E-03  0.270E-01  0.167E-01
3   0.743     5.1 -0.405E-01 -0.113E-02 -0.313E-03 -0.245E-01 -0.681E-03 -0.691E-05 -0.194E-03  0.269E-01  0.166E-01
3   0.749     5.2 -0.402E-01 -0.103E-02 -0.287E-03 -0.243E-01 -0.624E-03 -0.618E-05 -0.177E-03  0.267E-01  0.165E-01
3   0.756     5.2 -0.399E-01 -0.945E-03 -0.262E-03 -0.241E-01 -0.570E-03 -0.551E-05 -0.162E-03  0.265E-01  0.164E-01
3   0.762     5.3 -0.396E-01 -0.860E-03 -0.239E-03 -0.239E-01 -0.519E-03 -0.490E-05 -0.147E-03  0.263E-01  0.162E-01
3   0.768     5.3 -0.392E-01 -0.780E-03 -0.217E-03 -0.236E-01 -0.470E-03 -0.435E-05 -0.133E-03  0.260E-01  0.160E-01
3   0.775     5.4 -0.388E-01 -0.705E-03 -0.196E-03 -0.234E-01 -0.425E-03 -0.383E-05 -0.120E-03  0.258E-01  0.159E-01
3   0.781     5.4 -0.384E-01 -0.635E-03 -0.176E-03 -0.231E-01 -0.382E-03 -0.336E-05 -0.108E-03  0.255E-01  0.157E-01
3   0.787     5.4 -0.379E-01 -0.569E-03 -0.158E-03 -0.228E-01 -0.342E-03 -0.293E-05 -0.969E-04  0.252E-01  0.155E-01
3   0.794     5.5 -0.374E-01 -0.507E-03 -0.141E-03 -0.225E-01 -0.305E-03 -0.255E-05 -0.864E-04  0.248E-01  0.152E-01
3   0.726     5.0 -0.411E-01 -0.141E-02 -0.392E-03 -0.249E-01 -0.855E-03 -0.923E-05 -0.244E-03  0.272E-01  0.169E-01
3   0.732     5.1 -0.409E-01 -0.131E-02 -0.363E-03 -0.247E-01 -0.790E-03 -0.834E-05 -0.225E-03  0.271E-01  0.168E-01
3   0.738     5.1 -0.407E-01 -0.120E-02 -0.334E-03 -0.246E-01 -0.728E-03 -0.751E-05 -0.207E-03  0.270E-01  0.167E-01
3   0.745     5.1 -0.404E-01 -0.111E-02 -0.307E-03 -0.244E-01 -0.668E-03 -0.674E-05 -0.190E-03  0.268E-01  0.166E-01
3   0.751     5.2 -0.401E-01 -0.101E-02 -0.281E-03 -0.242E-01 -0.612E-03 -0.602E-05 -0.174E-03  0.267E-01  0.165E-01
3   0.757     5.2 -0.398E-01 -0.925E-03 -0.257E-03 -0.240E-01 -0.558E-03 -0.537E-05 -0.159E-03  0.264E-01  0.163E-01
3   0.763     5.3 -0.395E-01 -0.842E-03 -0.234E-03 -0.238E-01 -0.507E-03 -0.477E-05 -0.144E-03  0.262E-01  0.162E-01
3   0.770     5.3 -0.391E-01 -0.763E-03 -0.212E-03 -0.236E-01 -0.459E-03 -0.422E-05 -0.130E-03  0.260E-01  0.160E-01
3   0.776     5.4 -0.387E-01 -0.688E-03 -0.191E-03 -0.233E-01 -0.414E-03 -0.372E-05 -0.118E-03  0.257E-01  0.158E-01
3   0.782     5.4 -0.383E-01 -0.619E-03 -0.172E-03 -0.230E-01 -0.372E-03 -0.326E-05 -0.106E-03  0.254E-01  0.156E-01
3   0.789     5.5 -0.378E-01 -0.554E-03 -0.154E-03 -0.227E-01 -0.333E-03 -0.284E-05 -0.944E-04  0.251E-01  0.154E-01
3   0.795     5.5 -0.373E-01 -0.494E-03 -0.137E-03 -0.224E-01 -0.297E-03 -0.246E-05 -0.840E-04  0.248E-01  0.152E-01
3   0.727     5.0 -0.410E-01 -0.139E-02 -0.386E-03 -0.248E-01 -0.840E-03 -0.903E-05 -0.239E-03  0.272E-01  0.169E-01
3   0.734     5.1 -0.408E-01 -0.128E-02 -0.356E-03 -0.247E-01 -0.776E-03 -0.814E-05 -0.221E-03  0.271E-01  0.168E-01
3   0.740     5.1 -0.406E-01 -0.118E-02 -0.328E-03 -0.245E-01 -0.714E-03 -0.733E-05 -0.203E-03  0.270E-01  0.167E-01
3   0.746     5.2 -0.404E-01 -0.108E-02 -0.301E-03 -0.244E-01 -0.655E-03 -0.657E-05 -0.186E-03  0.268E-01  0.166E-01
3   0.752     5.2 -0.401E-01 -0.993E-03 -0.276E-03 -0.242E-01 -0.599E-03 -0.587E-05 -0.170E-03  0.266E-01  0.164E-01
3   0.759     5.2 -0.398E-01 -0.906E-03 -0.252E-03 -0.240E-01 -0.546E-03 -0.523E-05 -0.155E-03  0.264E-01  0.163E-01
3   0.765     5.3 -0.394E-01 -0.823E-03 -0.229E-03 -0.238E-01 -0.496E-03 -0.464E-05 -0.141E-03  0.262E-01  0.161E-01
3   0.771     5.3 -0.390E-01 -0.745E-03 -0.207E-03 -0.235E-01 -0.449E-03 -0.410E-05 -0.127E-03  0.259E-01  0.160E-01
3   0.777     5.4 -0.386E-01 -0.672E-03 -0.187E-03 -0.232E-01 -0.405E-03 -0.361E-05 -0.115E-03  0.256E-01  0.158E-01
3   0.784     5.4 -0.382E-01 -0.604E-03 -0.168E-03 -0.230E-01 -0.363E-03 -0.316E-05 -0.103E-03  0.254E-01  0.156E-01
3   0.790     5.5 -0.377E-01 -0.540E-03 -0.150E-03 -0.227E-01 -0.324E-03 -0.275E-05 -0.919E-04  0.250E-01  0.154E-01
3   0.797     5.5 -0.372E-01 -0.480E-03 -0.133E-03 -0.223E-01 -0.288E-03 -0.238E-05 -0.817E-04  0.247E-01  0.151E-01
3   0.729     5.0 -0.410E-01 -0.136E-02 -0.379E-03 -0.248E-01 -0.826E-03 -0.882E-05 -0.235E-03  0.272E-01  0.169E-01
3   0.735     5.1 -0.408E-01 -0.126E-02 -0.350E-03 -0.247E-01 -0.762E-03 -0.795E-05 -0.217E-03  0.271E-01  0.168E-01
3   0.741     5.1 -0.406E-01 -0.116E-02 -0.322E-03 -0.245E-01 -0.701E-03 -0.715E-05 -0.199E-03  0.269E-01  0.167E-01
3   0.747     5.2 -0.403E-01 -0.106E-02 -0.296E-03 -0.243E-01 -0.642E-03 -0.641E-05 -0.183E-03  0.268E-01  0.165E-01
3   0.754     5.2 -0.400E-01 -0.973E-03 -0.270E-03 -0.241E-01 -0.587E-03 -0.572E-05 -0.167E-03  0.266E-01  0.164E-01
3   0.760     5.2 -0.397E-01 -0.887E-03 -0.246E-03 -0.239E-01 -0.535E-03 -0.509E-05 -0.152E-03  0.264E-01  0.163E-01
3   0.766     5.3 -0.393E-01 -0.805E-03 -0.224E-03 -0.237E-01 -0.485E-03 -0.451E-05 -0.138E-03  0.261E-01  0.161E-01
3   0.773     5.3 -0.389E-01 -0.728E-03 -0.202E-03 -0.235E-01 -0.438E-03 -0.399E-05 -0.124E-03  0.259E-01  0.159E-01
3   0.779     5.4 -0.385E-01 -0.656E-03 -0.182E-03 -0.232E-01 -0.395E-03 -0.350E-05 -0.112E-03  0.256E-01  0.157E-01
3   0.785     5.4 -0.381E-01 -0.588E-03 -0.163E-03 -0.229E-01 -0.354E-03 -0.306E-05 -0.100E-03  0.253E-01  0.155E-01
3   0.792     5.5 -0.376E-01 -0.525E-03 -0.146E-03 -0.226E-01 -0.316E-03 -0.266E-05 -0.895E-04  0.250E-01  0.153E-01
3   0.798     5.5 -0.370E-01 -0.467E-03 -0.130E-03 -0.222E-01 -0.280E-03 -0.230E-05 -0.794E-04  0.246E-01  0.151E-01
3   0.730     5.0 -0.409E-01 -0.134E-02 -0.373E-03 -0.248E-01 -0.811E-03 -0.862E-05 -0.231E-03  0.272E-01  0.169E-01
3   0.736     5.1 -0.407E-01 -0.124E-02 -0.344E-03 -0.246E-01 -0.748E-03 -0.777E-05 -0.213E-03  0.270E-01  0.168E-01
3   0.743     5.1 -0.405E-01 -0.114E-02 -0.316E-03 -0.245E-01 -0.687E-03 -0.698E-05 -0.196E-03  0.269E-01  0.166E-01
3   0.749     5.2 -0.402E-01 -0.104E-02 -0.290E-03 -0.243E-01 -0.630E-03 -0.624E-05 -0.179E-03  0.267E-01  0.165E-01
3   0.755     5.2 -0.399E-01 -0.953E-03 -0.265E-03 -0.241E-01 -0.575E-03 -0.557E-05 -0.163E-03  0.265E-01  0.164E-01
3   0.761     5.2 -0.396E-01 -0.868E-03 -0.241E-03 -0.239E-01 -0.523E-03 -0.495E-05 -0.149E-03  0.263E-01  0.162E-01
3   0.768     5.3 -0.392E-01 -0.787E-03 -0.219E-03 -0.236E-01 -0.474E-03 -0.439E-05 -0.135E-03  0.261E-01  0.160E-01
3   0.774     5.3 -0.388E-01 -0.711E-03 -0.198E-03 -0.234E-01 -0.428E-03 -0.387E-05 -0.122E-03  0.258E-01  0.159E-01
3   0.780     5.4 -0.384E-01 -0.640E-03 -0.178E-03 -0.231E-01 -0.385E-03 -0.339E-05 -0.109E-03  0.255E-01  0.157E-01
3   0.787     5.4 -0.379E-01 -0.573E-03 -0.159E-03 -0.228E-01 -0.345E-03 -0.296E-05 -0.978E-04  0.252E-01  0.155E-01
3   0.793     5.5 -0.374E-01 -0.511E-03 -0.142E-03 -0.225E-01 -0.307E-03 -0.257E-05 -0.871E-04  0.249E-01  0.152E-01
3   0.800     5.5 -0.369E-01 -0.454E-03 -0.126E-03 -0.222E-01 -0.273E-03 -0.222E-05 -0.772E-04  0.245E-01  0.150E-01
3   0.732     5.0 -0.409E-01 -0.132E-02 -0.366E-03 -0.247E-01 -0.797E-03 -0.843E-05 -0.227E-03  0.271E-01  0.168E-01
3   0.738     5.1 -0.407E-01 -0.121E-02 -0.337E-03 -0.246E-01 -0.734E-03 -0.759E-05 -0.209E-03  0.270E-01  0.167E-01
3   0.744     5.1 -0.404E-01 -0.112E-02 -0.310E-03 -0.244E-01 -0.674E-03 -0.681E-05 -0.192E-03  0.268E-01  0.166E-01
3   0.750     5.2 -0.402E-01 -0.102E-02 -0.284E-03 -0.242E-01 -0.617E-03 -0.609E-05 -0.175E-03  0.267E-01  0.165E-01
3   0.757     5.2 -0.399E-01 -0.933E-03 -0.259E-03 -0.240E-01 -0.563E-03 -0.542E-05 -0.160E-03  0.265E-01  0.163E-01
3   0.763     5.3 -0.395E-01 -0.849E-03 -0.236E-03 -0.238E-01 -0.512E-03 -0.482E-05 -0.145E-03  0.262E-01  0.162E-01
3   0.769     5.3 -0.392E-01 -0.769E-03 -0.214E-03 -0.236E-01 -0.464E-03 -0.427E-05 -0.132E-03  0.260E-01  0.160E-01
3   0.776     5.3 -0.388E-01 -0.694E-03 -0.193E-03 -0.233E-01 -0.418E-03 -0.376E-05 -0.119E-03  0.257E-01  0.158E-01
3   0.782     5.4 -0.383E-01 -0.624E-03 -0.173E-03 -0.230E-01 -0.376E-03 -0.329E-05 -0.107E-03  0.254E-01  0.156E-01
3   0.788     5.4 -0.378E-01 -0.559E-03 -0.155E-03 -0.227E-01 -0.336E-03 -0.287E-05 -0.952E-04  0.251E-01  0.154E-01
3   0.795     5.5 -0.373E-01 -0.498E-03 -0.138E-03 -0.224E-01 -0.299E-03 -0.249E-05 -0.847E-04  0.248E-01  0.152E-01
3   0.733     5.0 -0.409E-01 -0.129E-02 -0.360E-03 -0.247E-01 -0.783E-03 -0.823E-05 -0.223E-03  0.271E-01  0.168E-01
3   0.739     5.1 -0.406E-01 -0.119E-02 -0.331E-03 -0.246E-01 -0.721E-03 -0.741E-05 -0.205E-03  0.270E-01  0.167E-01
3   0.745     5.1 -0.404E-01 -0.109E-02 -0.304E-03 -0.244E-01 -0.661E-03 -0.664E-05 -0.188E-03  0.268E-01  0.166E-01
3   0.752     5.2 -0.401E-01 -0.100E-02 -0.278E-03 -0.242E-01 -0.605E-03 -0.593E-05 -0.172E-03  0.266E-01  0.164E-01
3   0.758     5.2 -0.398E-01 -0.914E-03 -0.254E-03 -0.240E-01 -0.551E-03 -0.528E-05 -0.157E-03  0.264E-01  0.163E-01
3   0.764     5.3 -0.394E-01 -0.831E-03 -0.231E-03 -0.238E-01 -0.501E-03 -0.469E-05 -0.142E-03  0.262E-01  0.161E-01
3   0.771     5.3 -0.391E-01 -0.752E-03 -0.209E-03 -0.235E-01 -0.453E-03 -0.415E-05 -0.129E-03  0.259E-01  0.160E-01
3   0.777     5.3 -0.387E-01 -0.678E-03 -0.188E-03 -0.233E-01 -0.408E-03 -0.364E-05 -0.116E-03  0.257E-01  0.158E-01
3   0.783     5.4 -0.382E-01 -0.609E-03 -0.169E-03 -0.230E-01 -0.366E-03 -0.319E-05 -0.104E-03  0.254E-01  0.156E-01
3   0.790     5.4 -0.377E-01 -0.544E-03 -0.151E-03 -0.227E-01 -0.327E-03 -0.277E-05 -0.927E-04  0.251E-01  0.154E-01
3   0.796     5.5 -0.372E-01 -0.484E-03 -0.134E-03 -0.223E-01 -0.291E-03 -0.240E-05 -0.824E-04  0.247E-01  0.151E-01
3   0.734     5.0 -0.408E-01 -0.127E-02 -0.353E-03 -0.247E-01 -0.769E-03 -0.804E-05 -0.219E-03  0.271E-01  0.168E-01
3   0.741     5.1 -0.406E-01 -0.117E-02 -0.325E-03 -0.245E-01 -0.707E-03 -0.723E-05 -0.201E-03  0.269E-01  0.167E-01
3   0.747     5.1 -0.403E-01 -0.107E-02 -0.298E-03 -0.244E-01 -0.648E-03 -0.648E-05 -0.184E-03  0.268E-01  0.166E-01
3   0.753     5.2 -0.400E-01 -0.982E-03 -0.273E-03 -0.242E-01 -0.593E-03 -0.578E-05 -0.168E-03  0.266E-01  0.164E-01
3   0.759     5.2 -0.397E-01 -0.895E-03 -0.249E-03 -0.240E-01 -0.540E-03 -0.514E-05 -0.153E-03  0.264E-01  0.163E-01
3   0.766     5.3 -0.394E-01 -0.812E-03 -0.226E-03 -0.237E-01 -0.490E-03 -0.456E-05 -0.139E-03  0.261E-01  0.161E-01
3   0.772     5.3 -0.390E-01 -0.735E-03 -0.204E-03 -0.235E-01 -0.442E-03 -0.403E-05 -0.126E-03  0.259E-01  0.159E-01
3   0.779     5.4 -0.386E-01 -0.662E-03 -0.184E-03 -0.232E-01 -0.398E-03 -0.353E-05 -0.113E-03  0.256E-01  0.157E-01
3   0.785     5.4 -0.381E-01 -0.594E-03 -0.165E-03 -0.229E-01 -0.357E-03 -0.309E-05 -0.101E-03  0.253E-01  0.155E-01
3   0.791     5.4 -0.376E-01 -0.530E-03 -0.147E-03 -0.226E-01 -0.319E-03 -0.268E-05 -0.903E-04  0.250E-01  0.153E-01
3   0.798     5.5 -0.371E-01 -0.471E-03 -0.131E-03 -0.223E-01 -0.283E-03 -0.232E-05 -0.801E-04  0.246E-01  0.151E-01
3   0.736     5.1 -0.408E-01 -0.125E-02 -0.347E-03 -0.246E-01 -0.755E-03 -0.785E-05 -0.215E-03  0.270E-01  0.168E-01
3   0.742     5.1 -0.405E-01 -0.115E-02 -0.319E-03 -0.245E-01 -0.694E-03 -0.705E-05 -0.197E-03  0.269E-01  0.166E-01
3   0.748     5.1 -0.403E-01 -0.105E-02 -0.292E-03 -0.243E-01 -0.636E-03 -0.631E-05 -0.181E-03  0.267E-01  0.165E-01
3   0.755     5.2 -0.400E-01 -0.962E-03 -0.267E-03 -0.241E-01 -0.580E-03 -0.563E-05 -0.165E-03  0.265E-01  0.164E-01
3   0.761     5.2 -0.396E-01 -0.876E-03 -0.243E-03 -0.239E-01 -0.528E-03 -0.500E-05 -0.150E-03  0.263E-01  0.162E-01
3   0.767     5.3 -0.393E-01 -0.794E-03 -0.221E-03 -0.237E-01 -0.479E-03 -0.444E-05 -0.136E-03  0.261E-01  0.161E-01
3   0.774     5.3 -0.389E-01 -0.718E-03 -0.199E-03 -0.234E-01 -0.432E-03 -0.391E-05 -0.123E-03  0.258E-01  0.159E-01
3   0.780     5.4 -0.384E-01 -0.646E-03 -0.179E-03 -0.231E-01 -0.389E-03 -0.343E-05 -0.110E-03  0.255E-01  0.157E-01
3   0.786     5.4 -0.380E-01 -0.579E-03 -0.161E-03 -0.228E-01 -0.348E-03 -0.299E-05 -0.986E-04  0.252E-01  0.155E-01
3   0.793     5.4 -0.375E-01 -0.516E-03 -0.143E-03 -0.225E-01 -0.310E-03 -0.260E-05 -0.878E-04  0.249E-01  0.153E-01
3   0.799     5.5 -0.369E-01 -0.458E-03 -0.127E-03 -0.222E-01 -0.275E-03 -0.224E-05 -0.778E-04  0.245E-01  0.150E-01
3   0.737     5.1 -0.407E-01 -0.123E-02 -0.341E-03 -0.246E-01 -0.741E-03 -0.767E-05 -0.211E-03  0.270E-01  0.167E-01
3   0.743     5.1 -0.405E-01 -0.113E-02 -0.313E-03 -0.244E-01 -0.681E-03 -0.688E-05 -0.194E-03  0.269E-01  0.166E-01
3   0.750     5.1 -0.402E-01 -0.103E-02 -0.287E-03 -0.243E-01 -0.623E-03 -0.615E-05 -0.177E-03  0.267E-01  0.165E-01
3   0.756     5.2 -0.399E-01 -0.942E-03 -0.262E-03 -0.241E-01 -0.568E-03 -0.548E-05 -0.162E-03  0.265E-01  0.163E-01
3   0.762     5.2 -0.396E-01 -0.857E-03 -0.238E-03 -0.238E-01 -0.517E-03 -0.487E-05 -0.147E-03  0.263E-01  0.162E-01
3   0.769     5.3 -0.392E-01 -0.777E-03 -0.216E-03 -0.236E-01 -0.468E-03 -0.431E-05 -0.133E-03  0.260E-01  0.160E-01
3   0.775     5.3 -0.388E-01 -0.701E-03 -0.195E-03 -0.233E-01 -0.422E-03 -0.380E-05 -0.120E-03  0.258E-01  0.158E-01
3   0.781     5.4 -0.383E-01 -0.630E-03 -0.175E-03 -0.231E-01 -0.379E-03 -0.332E-05 -0.108E-03  0.255E-01  0.156E-01
3   0.788     5.4 -0.379E-01 -0.564E-03 -0.157E-03 -0.228E-01 -0.339E-03 -0.290E-05 -0.961E-04  0.251E-01  0.154E-01
3   0.794     5.5 -0.374E-01 -0.502E-03 -0.139E-03 -0.224E-01 -0.302E-03 -0.251E-05 -0.855E-04  0.248E-01  0.152E-01
3   0.739     5.1 -0.407E-01 -0.120E-02 -0.334E-03 -0.246E-01 -0.728E-03 -0.749E-05 -0.207E-03  0.270E-01  0.167E-01
3   0.745     5.1 -0.404E-01 -0.111E-02 -0.307E-03 -0.244E-01 -0.668E-03 -0.671E-05 -0.190E-03  0.268E-01  0.166E-01
3   0.751     5.2 -0.401E-01 -0.101E-02 -0.281E-03 -0.242E-01 -0.611E-03 -0.600E-05 -0.174E-03  0.266E-01  0.165E-01
3   0.757     5.2 -0.398E-01 -0.923E-03 -0.256E-03 -0.240E-01 -0.557E-03 -0.534E-05 -0.158E-03  0.264E-01  0.163E-01
3   0.764     5.2 -0.395E-01 -0.839E-03 -0.233E-03 -0.238E-01 -0.505E-03 -0.474E-05 -0.144E-03  0.262E-01  0.162E-01
3   0.770     5.3 -0.391E-01 -0.759E-03 -0.211E-03 -0.236E-01 -0.457E-03 -0.419E-05 -0.130E-03  0.260E-01  0.160E-01
3   0.777     5.3 -0.387E-01 -0.684E-03 -0.190E-03 -0.233E-01 -0.412E-03 -0.368E-05 -0.117E-03  0.257E-01  0.158E-01
3   0.783     5.4 -0.382E-01 -0.614E-03 -0.171E-03 -0.230E-01 -0.370E-03 -0.322E-05 -0.105E-03  0.254E-01  0.156E-01
3   0.789     5.4 -0.377E-01 -0.549E-03 -0.153E-03 -0.227E-01 -0.330E-03 -0.280E-05 -0.936E-04  0.251E-01  0.154E-01
3   0.796     5.5 -0.372E-01 -0.488E-03 -0.136E-03 -0.224E-01 -0.293E-03 -0.243E-05 -0.831E-04  0.247E-01  0.152E-01
3   0.740     5.1 -0.406E-01 -0.118E-02 -0.328E-03 -0.245E-01 -0.714E-03 -0.731E-05 -0.203E-03  0.269E-01  0.167E-01
3   0.746     5.1 -0.404E-01 -0.108E-02 -0.301E-03 -0.244E-01 -0.655E-03 -0.655E-05 -0.186E-03  0.268E-01  0.166E-01
3   0.753     5.2 -0.401E-01 -0.991E-03 -0.275E-03 -0.242E-01 -0.598E-03 -0.584E-05 -0.170E-03  0.266E-01  0.164E-01
3   0.759     5.2 -0.397E-01 -0.903E-03 -0.251E-03 -0.240E-01 -0.545E-03 -0.520E-05 -0.155E-03  0.264E-01  0.163E-01
3   0.765     5.2 -0.394E-01 -0.820E-03 -0.228E-03 -0.237E-01 -0.494E-03 -0.461E-05 -0.140E-03  0.262E-01  0.161E-01
3   0.772     5.3 -0.390E-01 -0.742E-03 -0.206E-03 -0.235E-01 -0.447E-03 -0.407E-05 -0.127E-03  0.259E-01  0.159E-01
3   0.778     5.3 -0.386E-01 -0.668E-03 -0.186E-03 -0.232E-01 -0.402E-03 -0.357E-05 -0.114E-03  0.256E-01  0.158E-01
3   0.784     5.4 -0.381E-01 -0.599E-03 -0.166E-03 -0.229E-01 -0.360E-03 -0.312E-05 -0.102E-03  0.253E-01  0.155E-01
3   0.791     5.4 -0.376E-01 -0.535E-03 -0.149E-03 -0.226E-01 -0.321E-03 -0.271E-05 -0.911E-04  0.250E-01  0.153E-01
3   0.797     5.5 -0.371E-01 -0.475E-03 -0.132E-03 -0.223E-01 -0.285E-03 -0.234E-05 -0.808E-04  0.246E-01  0.151E-01
3   0.741     5.1 -0.406E-01 -0.116E-02 -0.322E-03 -0.245E-01 -0.701E-03 -0.714E-05 -0.199E-03  0.269E-01  0.167E-01
3   0.748     5.1 -0.403E-01 -0.106E-02 -0.295E-03 -0.243E-01 -0.642E-03 -0.639E-05 -0.183E-03  0.267E-01  0.165E-01
3   0.754     5.2 -0.400E-01 -0.971E-03 -0.270E-03 -0.241E-01 -0.586E-03 -0.569E-05 -0.167E-03  0.266E-01  0.164E-01
3   0.760     5.2 -0.397E-01 -0.884E-03 -0.246E-03 -0.239E-01 -0.533E-03 -0.506E-05 -0.152E-03  0.263E-01  0.162E-01
3   0.767     5.2 -0.393E-01 -0.802E-03 -0.223E-03 -0.237E-01 -0.483E-03 -0.448E-05 -0.137E-03  0.261E-01  0.161E-01
3   0.773     5.3 -0.389E-01 -0.725E-03 -0.201E-03 -0.234E-01 -0.436E-03 -0.395E-05 -0.124E-03  0.258E-01  0.159E-01
3   0.780     5.3 -0.385E-01 -0.652E-03 -0.181E-03 -0.232E-01 -0.392E-03 -0.347E-05 -0.111E-03  0.256E-01  0.157E-01
3   0.786     5.4 -0.380E-01 -0.584E-03 -0.162E-03 -0.229E-01 -0.351E-03 -0.302E-05 -0.996E-04  0.252E-01  0.155E-01
3   0.792     5.4 -0.375E-01 -0.521E-03 -0.145E-03 -0.225E-01 -0.313E-03 -0.262E-05 -0.887E-04  0.249E-01  0.153E-01
3   0.799     5.5 -0.370E-01 -0.462E-03 -0.128E-03 -0.222E-01 -0.277E-03 -0.226E-05 -0.786E-04  0.246E-01  0.150E-01
3   0.743     5.1 -0.405E-01 -0.114E-02 -0.316E-03 -0.245E-01 -0.688E-03 -0.696E-05 -0.196E-03  0.269E-01  0.166E-01
3   0.749     5.1 -0.402E-01 -0.104E-02 -0.290E-03 -0.243E-01 -0.629E-03 -0.622E-05 -0.179E-03  0.267E-01  0.165E-01
3   0.755     5.2 -0.399E-01 -0.952E-03 -0.264E-03 -0.241E-01 -0.574E-03 -0.554E-05 -0.163E-03  0.265E-01  0.164E-01
3   0.762     5.2 -0.396E-01 -0.866E-03 -0.240E-03 -0.239E-01 -0.522E-03 -0.493E-05 -0.148E-03  0.263E-01  0.162E-01
3   0.768     5.3 -0.392E-01 -0.784E-03 -0.218E-03 -0.236E-01 -0.473E-03 -0.436E-05 -0.134E-03  0.260E-01  0.160E-01
3   0.775     5.3 -0.388E-01 -0.708E-03 -0.197E-03 -0.234E-01 -0.426E-03 -0.384E-05 -0.121E-03  0.258E-01  0.159E-01
3   0.781     5.3 -0.384E-01 -0.636E-03 -0.177E-03 -0.231E-01 -0.383E-03 -0.336E-05 -0.109E-03  0.255E-01  0.157E-01
3   0.787     5.4 -0.379E-01 -0.569E-03 -0.158E-03 -0.228E-01 -0.342E-03 -0.293E-05 -0.970E-04  0.252E-01  0.154E-01
3   0.794     5.4 -0.374E-01 -0.507E-03 -0.141E-03 -0.225E-01 -0.305E-03 -0.254E-05 -0.863E-04  0.248E-01  0.152E-01
3   0.744     5.1 -0.404E-01 -0.112E-02 -0.310E-03 -0.244E-01 -0.674E-03 -0.679E-05 -0.192E-03  0.268E-01  0.166E-01
3   0.750     5.1 -0.402E-01 -0.102E-02 -0.284E-03 -0.242E-01 -0.617E-03 -0.607E-05 -0.175E-03  0.267E-01  0.165E-01
3   0.757     5.2 -0.399E-01 -0.932E-03 -0.259E-03 -0.240E-01 -0.562E-03 -0.540E-05 -0.160E-03  0.265E-01  0.163E-01
3   0.763     5.2 -0.395E-01 -0.847E-03 -0.235E-03 -0.238E-01 -0.511E-03 -0.479E-05 -0.145E-03  0.262E-01  0.162E-01
3   0.770     5.3 -0.391E-01 -0.767E-03 -0.213E-03 -0.236E-01 -0.462E-03 -0.424E-05 -0.131E-03  0.260E-01  0.160E-01
3   0.776     5.3 -0.387E-01 -0.691E-03 -0.192E-03 -0.233E-01 -0.416E-03 -0.373E-05 -0.118E-03  0.257E-01  0.158E-01
3   0.783     5.3 -0.383E-01 -0.620E-03 -0.172E-03 -0.230E-01 -0.373E-03 -0.326E-05 -0.106E-03  0.254E-01  0.156E-01
3   0.789     5.4 -0.378E-01 -0.554E-03 -0.154E-03 -0.227E-01 -0.333E-03 -0.283E-05 -0.945E-04  0.251E-01  0.154E-01
3   0.795     5.4 -0.373E-01 -0.493E-03 -0.137E-03 -0.224E-01 -0.296E-03 -0.245E-05 -0.839E-04  0.248E-01  0.152E-01
3   0.746     5.1 -0.404E-01 -0.110E-02 -0.304E-03 -0.244E-01 -0.661E-03 -0.663E-05 -0.188E-03  0.268E-01  0.166E-01
3   0.752     5.1 -0.401E-01 -0.100E-02 -0.278E-03 -0.242E-01 -0.604E-03 -0.591E-05 -0.172E-03  0.266E-01  0.164E-01
3   0.758     5.2 -0.398E-01 -0.913E-03 -0.254E-03 -0.240E-01 -0.550E-03 -0.526E-05 -0.156E-03  0.264E-01  0.163E-01
3   0.765     5.2 -0.394E-01 -0.829E-03 -0.230E-03 -0.238E-01 -0.499E-03 -0.466E-05 -0.142E-03  0.262E-01  0.161E-01
3   0.771     5.3 -0.390E-01 -0.749E-03 -0.208E-03 -0.235E-01 -0.451E-03 -0.412E-05 -0.128E-03  0.259E-01  0.160E-01
3   0.778     5.3 -0.386E-01 -0.675E-03 -0.187E-03 -0.232E-01 -0.406E-03 -0.361E-05 -0.115E-03  0.256E-01  0.158E-01
3   0.784     5.4 -0.382E-01 -0.605E-03 -0.168E-03 -0.230E-01 -0.364E-03 -0.316E-05 -0.103E-03  0.253E-01  0.156E-01
3   0.790     5.4 -0.377E-01 -0.540E-03 -0.150E-03 -0.226E-01 -0.325E-03 -0.274E-05 -0.920E-04  0.250E-01  0.153E-01
3   0.797     5.4 -0.371E-01 -0.480E-03 -0.133E-03 -0.223E-01 -0.288E-03 -0.237E-05 -0.816E-04  0.247E-01  0.151E-01
3   0.747     5.1 -0.403E-01 -0.107E-02 -0.298E-03 -0.243E-01 -0.649E-03 -0.646E-05 -0.184E-03  0.268E-01  0.165E-01
3   0.753     5.1 -0.400E-01 -0.981E-03 -0.273E-03 -0.242E-01 -0.592E-03 -0.576E-05 -0.168E-03  0.266E-01  0.164E-01
3   0.760     5.2 -0.397E-01 -0.893E-03 -0.248E-03 -0.239E-01 -0.539E-03 -0.512E-05 -0.153E-03  0.264E-01  0.163E-01
3   0.766     5.2 -0.393E-01 -0.810E-03 -0.225E-03 -0.237E-01 -0.488E-03 -0.454E-05 -0.139E-03  0.261E-01  0.161E-01
3   0.773     5.3 -0.389E-01 -0.732E-03 -0.203E-03 -0.235E-01 -0.441E-03 -0.400E-05 -0.125E-03  0.259E-01  0.159E-01
3   0.779     5.3 -0.385E-01 -0.659E-03 -0.183E-03 -0.232E-01 -0.396E-03 -0.351E-05 -0.112E-03  0.256E-01  0.157E-01
3   0.785     5.4 -0.381E-01 -0.590E-03 -0.164E-03 -0.229E-01 -0.355E-03 -0.306E-05 -0.101E-03  0.253E-01  0.155E-01
3   0.792     5.4 -0.375E-01 -0.526E-03 -0.146E-03 -0.226E-01 -0.316E-03 -0.265E-05 -0.896E-04  0.249E-01  0.153E-01
3   0.799     5.4 -0.370E-01 -0.466E-03 -0.130E-03 -0.222E-01 -0.280E-03 -0.229E-05 -0.793E-04  0.246E-01  0.151E-01
3   0.748     5.1 -0.403E-01 -0.105E-02 -0.293E-03 -0.243E-01 -0.636E-03 -0.630E-05 -0.181E-03  0.267E-01  0.165E-01
3   0.755     5.1 -0.400E-01 -0.962E-03 -0.267E-03 -0.241E-01 -0.580E-03 -0.561E-05 -0.165E-03  0.265E-01  0.164E-01
3   0.761     5.2 -0.396E-01 -0.875E-03 -0.243E-03 -0.239E-01 -0.527E-03 -0.498E-05 -0.150E-03  0.263E-01  0.162E-01
3   0.768     5.2 -0.393E-01 -0.792E-03 -0.220E-03 -0.237E-01 -0.477E-03 -0.441E-05 -0.136E-03  0.261E-01  0.161E-01
3   0.774     5.3 -0.389E-01 -0.715E-03 -0.199E-03 -0.234E-01 -0.431E-03 -0.388E-05 -0.122E-03  0.258E-01  0.159E-01
3   0.780     5.3 -0.384E-01 -0.643E-03 -0.178E-03 -0.231E-01 -0.387E-03 -0.340E-05 -0.110E-03  0.255E-01  0.157E-01
3   0.787     5.4 -0.379E-01 -0.575E-03 -0.160E-03 -0.228E-01 -0.346E-03 -0.296E-05 -0.980E-04  0.252E-01  0.155E-01
3   0.793     5.4 -0.374E-01 -0.512E-03 -0.142E-03 -0.225E-01 -0.308E-03 -0.257E-05 -0.872E-04  0.249E-01  0.152E-01
3   0.750     5.1 -0.402E-01 -0.103E-02 -0.287E-03 -0.243E-01 -0.623E-03 -0.614E-05 -0.177E-03  0.267E-01  0.165E-01
3   0.756     5.2 -0.399E-01 -0.942E-03 -0.262E-03 -0.241E-01 -0.568E-03 -0.547E-05 -0.161E-03  0.265E-01  0.163E-01
3   0.763     5.2 -0.395E-01 -0.856E-03 -0.238E-03 -0.238E-01 -0.516E-03 -0.485E-05 -0.147E-03  0.263E-01  0.162E-01
3   0.769     5.2 -0.392E-01 -0.775E-03 -0.215E-03 -0.236E-01 -0.467E-03 -0.429E-05 -0.132E-03  0.260E-01  0.160E-01
3   0.776     5.3 -0.388E-01 -0.698E-03 -0.194E-03 -0.233E-01 -0.420E-03 -0.377E-05 -0.119E-03  0.257E-01  0.158E-01
3   0.782     5.3 -0.383E-01 -0.627E-03 -0.174E-03 -0.230E-01 -0.377E-03 -0.330E-05 -0.107E-03  0.254E-01  0.156E-01
3   0.788     5.4 -0.378E-01 -0.560E-03 -0.156E-03 -0.227E-01 -0.337E-03 -0.287E-05 -0.955E-04  0.251E-01  0.154E-01
3   0.795     5.4 -0.373E-01 -0.498E-03 -0.138E-03 -0.224E-01 -0.299E-03 -0.248E-05 -0.848E-04  0.248E-01  0.152E-01
3   0.751     5.1 -0.401E-01 -0.101E-02 -0.281E-03 -0.242E-01 -0.611E-03 -0.598E-05 -0.174E-03  0.266E-01  0.165E-01
3   0.758     5.2 -0.398E-01 -0.922E-03 -0.256E-03 -0.240E-01 -0.556E-03 -0.532E-05 -0.158E-03  0.264E-01  0.163E-01
3   0.764     5.2 -0.395E-01 -0.837E-03 -0.233E-03 -0.238E-01 -0.505E-03 -0.472E-05 -0.143E-03  0.262E-01  0.161E-01
3   0.771     5.2 -0.391E-01 -0.757E-03 -0.210E-03 -0.235E-01 -0.456E-03 -0.417E-05 -0.129E-03  0.259E-01  0.160E-01
3   0.777     5.3 -0.387E-01 -0.682E-03 -0.189E-03 -0.233E-01 -0.410E-03 -0.366E-05 -0.116E-03  0.257E-01  0.158E-01
3   0.783     5.3 -0.382E-01 -0.611E-03 -0.170E-03 -0.230E-01 -0.368E-03 -0.319E-05 -0.104E-03  0.254E-01  0.156E-01
3   0.790     5.4 -0.377E-01 -0.546E-03 -0.152E-03 -0.227E-01 -0.328E-03 -0.278E-05 -0.930E-04  0.250E-01  0.154E-01
3   0.797     5.4 -0.372E-01 -0.485E-03 -0.135E-03 -0.223E-01 -0.291E-03 -0.240E-05 -0.825E-04  0.247E-01  0.151E-01
3   0.753     5.1 -0.401E-01 -0.992E-03 -0.276E-03 -0.242E-01 -0.599E-03 -0.583E-05 -0.170E-03  0.266E-01  0.164E-01
3   0.759     5.2 -0.397E-01 -0.903E-03 -0.251E-03 -0.240E-01 -0.545E-03 -0.518E-05 -0.155E-03  0.264E-01  0.163E-01
3   0.766     5.2 -0.394E-01 -0.819E-03 -0.228E-03 -0.237E-01 -0.494E-03 -0.459E-05 -0.140E-03  0.261E-01  0.161E-01
3   0.772     5.2 -0.390E-01 -0.740E-03 -0.206E-03 -0.235E-01 -0.446E-03 -0.405E-05 -0.126E-03  0.259E-01  0.159E-01
3   0.778     5.3 -0.386E-01 -0.666E-03 -0.185E-03 -0.232E-01 -0.401E-03 -0.355E-05 -0.114E-03  0.256E-01  0.157E-01
3   0.785     5.3 -0.381E-01 -0.596E-03 -0.166E-03 -0.229E-01 -0.359E-03 -0.309E-05 -0.102E-03  0.253E-01  0.155E-01
3   0.791     5.4 -0.376E-01 -0.531E-03 -0.148E-03 -0.226E-01 -0.319E-03 -0.269E-05 -0.905E-04  0.250E-01  0.153E-01
3   0.798     5.4 -0.370E-01 -0.471E-03 -0.131E-03 -0.223E-01 -0.283E-03 -0.232E-05 -0.802E-04  0.246E-01  0.151E-01
3   0.754     5.1 -0.400E-01 -0.972E-03 -0.270E-03 -0.241E-01 -0.586E-03 -0.568E-05 -0.167E-03  0.265E-01  0.164E-01
3   0.761     5.2 -0.397E-01 -0.884E-03 -0.246E-03 -0.239E-01 -0.533E-03 -0.505E-05 -0.151E-03  0.263E-01  0.162E-01
3   0.767     5.2 -0.393E-01 -0.801E-03 -0.222E-03 -0.237E-01 -0.483E-03 -0.447E-05 -0.137E-03  0.261E-01  0.161E-01
3   0.773     5.3 -0.389E-01 -0.723E-03 -0.201E-03 -0.234E-01 -0.435E-03 -0.393E-05 -0.124E-03  0.258E-01  0.159E-01
3   0.780     5.3 -0.385E-01 -0.650E-03 -0.180E-03 -0.231E-01 -0.391E-03 -0.344E-05 -0.111E-03  0.255E-01  0.157E-01
3   0.786     5.3 -0.380E-01 -0.581E-03 -0.161E-03 -0.228E-01 -0.349E-03 -0.300E-05 -0.991E-04  0.252E-01  0.155E-01
3   0.793     5.4 -0.375E-01 -0.517E-03 -0.144E-03 -0.225E-01 -0.311E-03 -0.260E-05 -0.881E-04  0.249E-01  0.153E-01
3   0.800     5.4 -0.369E-01 -0.458E-03 -0.127E-03 -0.222E-01 -0.275E-03 -0.224E-05 -0.779E-04  0.245E-01  0.150E-01
3   0.756     5.1 -0.399E-01 -0.952E-03 -0.264E-03 -0.241E-01 -0.574E-03 -0.553E-05 -0.163E-03  0.265E-01  0.164E-01
3   0.762     5.2 -0.396E-01 -0.865E-03 -0.240E-03 -0.239E-01 -0.522E-03 -0.491E-05 -0.148E-03  0.263E-01  0.162E-01
3   0.768     5.2 -0.392E-01 -0.783E-03 -0.218E-03 -0.236E-01 -0.472E-03 -0.434E-05 -0.134E-03  0.260E-01  0.160E-01
3   0.775     5.3 -0.388E-01 -0.706E-03 -0.196E-03 -0.234E-01 -0.425E-03 -0.382E-05 -0.121E-03  0.258E-01  0.158E-01
3   0.781     5.3 -0.383E-01 -0.634E-03 -0.176E-03 -0.231E-01 -0.381E-03 -0.334E-05 -0.108E-03  0.255E-01  0.156E-01
3   0.788     5.3 -0.379E-01 -0.566E-03 -0.157E-03 -0.228E-01 -0.340E-03 -0.290E-05 -0.965E-04  0.251E-01  0.154E-01
3   0.794     5.4 -0.373E-01 -0.503E-03 -0.140E-03 -0.224E-01 -0.303E-03 -0.251E-05 -0.857E-04  0.248E-01  0.152E-01
3   0.757     5.1 -0.398E-01 -0.933E-03 -0.259E-03 -0.240E-01 -0.563E-03 -0.539E-05 -0.160E-03  0.265E-01  0.163E-01
3   0.763     5.2 -0.395E-01 -0.847E-03 -0.235E-03 -0.238E-01 -0.510E-03 -0.478E-05 -0.145E-03  0.262E-01  0.162E-01
3   0.770     5.2 -0.391E-01 -0.766E-03 -0.213E-03 -0.236E-01 -0.461E-03 -0.422E-05 -0.131E-03  0.260E-01  0.160E-01
3   0.776     5.3 -0.387E-01 -0.689E-03 -0.191E-03 -0.233E-01 -0.415E-03 -0.370E-05 -0.118E-03  0.257E-01  0.158E-01
3   0.783     5.3 -0.382E-01 -0.618E-03 -0.172E-03 -0.230E-01 -0.372E-03 -0.323E-05 -0.105E-03  0.254E-01  0.156E-01
3   0.789     5.4 -0.377E-01 -0.552E-03 -0.153E-03 -0.227E-01 -0.332E-03 -0.281E-05 -0.940E-04  0.251E-01  0.154E-01
3   0.796     5.4 -0.372E-01 -0.490E-03 -0.136E-03 -0.224E-01 -0.294E-03 -0.243E-05 -0.834E-04  0.247E-01  0.151E-01
3   0.758     5.1 -0.398E-01 -0.913E-03 -0.254E-03 -0.240E-01 -0.551E-03 -0.525E-05 -0.156E-03  0.264E-01  0.163E-01
3   0.765     5.2 -0.394E-01 -0.828E-03 -0.230E-03 -0.238E-01 -0.499E-03 -0.465E-05 -0.142E-03  0.262E-01  0.161E-01
3   0.771     5.2 -0.390E-01 -0.748E-03 -0.208E-03 -0.235E-01 -0.451E-03 -0.410E-05 -0.128E-03  0.259E-01  0.159E-01
3   0.778     5.3 -0.386E-01 -0.673E-03 -0.187E-03 -0.232E-01 -0.405E-03 -0.359E-05 -0.115E-03  0.256E-01  0.158E-01
3   0.784     5.3 -0.381E-01 -0.603E-03 -0.167E-03 -0.229E-01 -0.363E-03 -0.313E-05 -0.103E-03  0.253E-01  0.155E-01
3   0.791     5.4 -0.376E-01 -0.537E-03 -0.149E-03 -0.226E-01 -0.323E-03 -0.272E-05 -0.915E-04  0.250E-01  0.153E-01
3   0.798     5.4 -0.371E-01 -0.476E-03 -0.132E-03 -0.223E-01 -0.286E-03 -0.235E-05 -0.811E-04  0.246E-01  0.151E-01
3   0.760     5.1 -0.397E-01 -0.894E-03 -0.248E-03 -0.239E-01 -0.539E-03 -0.511E-05 -0.153E-03  0.264E-01  0.163E-01
3   0.766     5.2 -0.393E-01 -0.810E-03 -0.225E-03 -0.237E-01 -0.488E-03 -0.452E-05 -0.139E-03  0.261E-01  0.161E-01
3   0.773     5.2 -0.389E-01 -0.731E-03 -0.203E-03 -0.234E-01 -0.440E-03 -0.398E-05 -0.125E-03  0.259E-01  0.159E-01
3   0.779     5.3 -0.385E-01 -0.657E-03 -0.182E-03 -0.232E-01 -0.395E-03 -0.349E-05 -0.112E-03  0.256E-01  0.157E-01
3   0.786     5.3 -0.380E-01 -0.588E-03 -0.163E-03 -0.229E-01 -0.353E-03 -0.304E-05 -0.100E-03  0.253E-01  0.155E-01
3   0.792     5.4 -0.375E-01 -0.523E-03 -0.145E-03 -0.225E-01 -0.314E-03 -0.263E-05 -0.891E-04  0.249E-01  0.153E-01
3   0.799     5.4 -0.370E-01 -0.463E-03 -0.129E-03 -0.222E-01 -0.278E-03 -0.227E-05 -0.788E-04  0.246E-01  0.150E-01
3   0.761     5.2 -0.396E-01 -0.875E-03 -0.243E-03 -0.239E-01 -0.528E-03 -0.498E-05 -0.150E-03  0.263E-01  0.162E-01
3   0.768     5.2 -0.392E-01 -0.792E-03 -0.220E-03 -0.236E-01 -0.477E-03 -0.440E-05 -0.136E-03  0.261E-01  0.160E-01
3   0.774     5.2 -0.388E-01 -0.714E-03 -0.198E-03 -0.234E-01 -0.430E-03 -0.387E-05 -0.122E-03  0.258E-01  0.159E-01
3   0.781     5.3 -0.384E-01 -0.641E-03 -0.178E-03 -0.231E-01 -0.386E-03 -0.338E-05 -0.109E-03  0.255E-01  0.157E-01
3   0.787     5.3 -0.379E-01 -0.573E-03 -0.159E-03 -0.228E-01 -0.344E-03 -0.294E-05 -0.976E-04  0.252E-01  0.155E-01
3   0.794     5.4 -0.374E-01 -0.509E-03 -0.141E-03 -0.225E-01 -0.306E-03 -0.254E-05 -0.867E-04  0.248E-01  0.152E-01
3   0.763     5.2 -0.395E-01 -0.856E-03 -0.238E-03 -0.238E-01 -0.516E-03 -0.484E-05 -0.147E-03  0.262E-01  0.162E-01
3   0.769     5.2 -0.392E-01 -0.774E-03 -0.215E-03 -0.236E-01 -0.467E-03 -0.428E-05 -0.132E-03  0.260E-01  0.160E-01
3   0.776     5.2 -0.387E-01 -0.697E-03 -0.194E-03 -0.233E-01 -0.420E-03 -0.375E-05 -0.119E-03  0.257E-01  0.158E-01
3   0.782     5.3 -0.383E-01 -0.625E-03 -0.174E-03 -0.230E-01 -0.376E-03 -0.328E-05 -0.107E-03  0.254E-01  0.156E-01
3   0.789     5.3 -0.378E-01 -0.558E-03 -0.155E-03 -0.227E-01 -0.335E-03 -0.285E-05 -0.951E-04  0.251E-01  0.154E-01
3   0.795     5.4 -0.373E-01 -0.496E-03 -0.138E-03 -0.224E-01 -0.298E-03 -0.246E-05 -0.843E-04  0.248E-01  0.152E-01
3   0.764     5.2 -0.395E-01 -0.838E-03 -0.233E-03 -0.238E-01 -0.505E-03 -0.471E-05 -0.143E-03  0.262E-01  0.161E-01
3   0.771     5.2 -0.391E-01 -0.757E-03 -0.210E-03 -0.235E-01 -0.456E-03 -0.416E-05 -0.129E-03  0.259E-01  0.160E-01
3   0.777     5.2 -0.386E-01 -0.681E-03 -0.189E-03 -0.233E-01 -0.410E-03 -0.364E-05 -0.116E-03  0.257E-01  0.158E-01
3   0.784     5.3 -0.382E-01 -0.610E-03 -0.169E-03 -0.230E-01 -0.367E-03 -0.318E-05 -0.104E-03  0.254E-01  0.156E-01
3   0.790     5.3 -0.377E-01 -0.544E-03 -0.151E-03 -0.226E-01 -0.327E-03 -0.276E-05 -0.926E-04  0.250E-01  0.153E-01
3   0.797     5.4 -0.371E-01 -0.482E-03 -0.134E-03 -0.223E-01 -0.290E-03 -0.238E-05 -0.820E-04  0.247E-01  0.151E-01
3   0.766     5.2 -0.394E-01 -0.820E-03 -0.228E-03 -0.237E-01 -0.494E-03 -0.459E-05 -0.140E-03  0.261E-01  0.161E-01
3   0.772     5.2 -0.390E-01 -0.740E-03 -0.205E-03 -0.235E-01 -0.445E-03 -0.404E-05 -0.126E-03  0.259E-01  0.159E-01
3   0.779     5.3 -0.385E-01 -0.665E-03 -0.185E-03 -0.232E-01 -0.400E-03 -0.353E-05 -0.113E-03  0.256E-01  0.157E-01
3   0.785     5.3 -0.381E-01 -0.595E-03 -0.165E-03 -0.229E-01 -0.358E-03 -0.308E-05 -0.101E-03  0.253E-01  0.155E-01
3   0.792     5.3 -0.376E-01 -0.529E-03 -0.147E-03 -0.226E-01 -0.318E-03 -0.267E-05 -0.902E-04  0.249E-01  0.153E-01
3   0.798     5.4 -0.370E-01 -0.469E-03 -0.130E-03 -0.222E-01 -0.282E-03 -0.230E-05 -0.797E-04  0.246E-01  0.151E-01
3   0.767     5.2 -0.393E-01 -0.802E-03 -0.223E-03 -0.237E-01 -0.483E-03 -0.446E-05 -0.137E-03  0.261E-01  0.161E-01
3   0.774     5.2 -0.389E-01 -0.723E-03 -0.201E-03 -0.234E-01 -0.435E-03 -0.392E-05 -0.123E-03  0.258E-01  0.159E-01
3   0.780     5.3 -0.384E-01 -0.649E-03 -0.180E-03 -0.231E-01 -0.390E-03 -0.343E-05 -0.111E-03  0.255E-01  0.157E-01
3   0.787     5.3 -0.380E-01 -0.580E-03 -0.161E-03 -0.228E-01 -0.349E-03 -0.298E-05 -0.988E-04  0.252E-01  0.155E-01
3   0.793     5.3 -0.374E-01 -0.515E-03 -0.143E-03 -0.225E-01 -0.310E-03 -0.258E-05 -0.877E-04  0.249E-01  0.152E-01
3   0.769     5.2 -0.392E-01 -0.784E-03 -0.218E-03 -0.236E-01 -0.472E-03 -0.434E-05 -0.134E-03  0.260E-01  0.160E-01
3   0.775     5.2 -0.388E-01 -0.706E-03 -0.196E-03 -0.233E-01 -0.425E-03 -0.381E-05 -0.121E-03  0.258E-01  0.158E-01
3   0.782     5.3 -0.383E-01 -0.633E-03 -0.176E-03 -0.231E-01 -0.381E-03 -0.332E-05 -0.108E-03  0.255E-01  0.156E-01
3   0.788     5.3 -0.378E-01 -0.565E-03 -0.157E-03 -0.228E-01 -0.340E-03 -0.289E-05 -0.962E-04  0.251E-01  0.154E-01
3   0.795     5.4 -0.373E-01 -0.502E-03 -0.139E-03 -0.224E-01 -0.301E-03 -0.249E-05 -0.854E-04  0.248E-01  0.152E-01
3   0.770     5.2 -0.391E-01 -0.766E-03 -0.213E-03 -0.236E-01 -0.461E-03 -0.421E-05 -0.131E-03  0.260E-01  0.160E-01
3   0.777     5.2 -0.387E-01 -0.689E-03 -0.191E-03 -0.233E-01 -0.415E-03 -0.369E-05 -0.118E-03  0.257E-01  0.158E-01
3   0.783     5.3 -0.382E-01 -0.617E-03 -0.171E-03 -0.230E-01 -0.371E-03 -0.322E-05 -0.105E-03  0.254E-01  0.156E-01
3   0.790     5.3 -0.377E-01 -0.550E-03 -0.153E-03 -0.227E-01 -0.331E-03 -0.279E-05 -0.937E-04  0.251E-01  0.154E-01
3   0.796     5.4 -0.372E-01 -0.488E-03 -0.136E-03 -0.223E-01 -0.293E-03 -0.241E-05 -0.830E-04  0.247E-01  0.151E-01
3   0.772     5.2 -0.390E-01 -0.749E-03 -0.208E-03 -0.235E-01 -0.451E-03 -0.410E-05 -0.128E-03  0.259E-01  0.159E-01
3   0.778     5.2 -0.386E-01 -0.673E-03 -0.187E-03 -0.232E-01 -0.405E-03 -0.358E-05 -0.115E-03  0.256E-01  0.157E-01
3   0.785     5.3 -0.381E-01 -0.602E-03 -0.167E-03 -0.229E-01 -0.362E-03 -0.312E-05 -0.103E-03  0.253E-01  0.155E-01
3   0.791     5.3 -0.376E-01 -0.536E-03 -0.149E-03 -0.226E-01 -0.322E-03 -0.270E-05 -0.913E-04  0.250E-01  0.153E-01
3   0.798     5.4 -0.371E-01 -0.475E-03 -0.132E-03 -0.223E-01 -0.285E-03 -0.233E-05 -0.807E-04  0.246E-01  0.151E-01
3   0.773     5.2 -0.389E-01 -0.732E-03 -0.203E-03 -0.234E-01 -0.441E-03 -0.398E-05 -0.125E-03  0.258E-01  0.159E-01
3   0.780     5.2 -0.385E-01 -0.657E-03 -0.182E-03 -0.232E-01 -0.395E-03 -0.348E-05 -0.112E-03  0.256E-01  0.157E-01
3   0.786     5.3 -0.380E-01 -0.587E-03 -0.163E-03 -0.229E-01 -0.353E-03 -0.302E-05 -0.100E-03  0.252E-01  0.155E-01
3   0.793     5.3 -0.375E-01 -0.522E-03 -0.145E-03 -0.225E-01 -0.314E-03 -0.262E-05 -0.888E-04  0.249E-01  0.153E-01
3   0.799     5.4 -0.369E-01 -0.461E-03 -0.128E-03 -0.222E-01 -0.277E-03 -0.225E-05 -0.785E-04  0.245E-01  0.150E-01
3   0.774     5.2 -0.388E-01 -0.715E-03 -0.199E-03 -0.234E-01 -0.430E-03 -0.386E-05 -0.122E-03  0.258E-01  0.159E-01
3   0.781     5.2 -0.384E-01 -0.641E-03 -0.178E-03 -0.231E-01 -0.386E-03 -0.337E-05 -0.109E-03  0.255E-01  0.157E-01
3   0.788     5.3 -0.379E-01 -0.572E-03 -0.159E-03 -0.228E-01 -0.344E-03 -0.293E-05 -0.975E-04  0.252E-01  0.154E-01
3   0.794     5.3 -0.374E-01 -0.508E-03 -0.141E-03 -0.224E-01 -0.305E-03 -0.253E-05 -0.865E-04  0.248E-01  0.152E-01
3   0.776     5.2 -0.387E-01 -0.698E-03 -0.194E-03 -0.233E-01 -0.420E-03 -0.375E-05 -0.119E-03  0.257E-01  0.158E-01
3   0.783     5.2 -0.383E-01 -0.625E-03 -0.174E-03 -0.230E-01 -0.376E-03 -0.327E-05 -0.107E-03  0.254E-01  0.156E-01
3   0.789     5.3 -0.378E-01 -0.557E-03 -0.155E-03 -0.227E-01 -0.335E-03 -0.284E-05 -0.950E-04  0.251E-01  0.154E-01
3   0.796     5.3 -0.372E-01 -0.494E-03 -0.137E-03 -0.224E-01 -0.297E-03 -0.245E-05 -0.841E-04  0.247E-01  0.152E-01
3   0.777     5.2 -0.386E-01 -0.681E-03 -0.189E-03 -0.233E-01 -0.410E-03 -0.364E-05 -0.116E-03  0.257E-01  0.158E-01
3   0.784     5.3 -0.382E-01 -0.610E-03 -0.169E-03 -0.230E-01 -0.367E-03 -0.317E-05 -0.104E-03  0.253E-01  0.156E-01
3   0.791     5.3 -0.377E-01 -0.543E-03 -0.151E-03 -0.226E-01 -0.326E-03 -0.275E-05 -0.925E-04  0.250E-01  0.153E-01
3   0.797     5.3 -0.371E-01 -0.481E-03 -0.134E-03 -0.223E-01 -0.289E-03 -0.236E-05 -0.818E-04  0.247E-01  0.151E-01
3   0.779     5.2 -0.385E-01 -0.665E-03 -0.185E-03 -0.232E-01 -0.400E-03 -0.353E-05 -0.114E-03  0.256E-01  0.157E-01
3   0.785     5.3 -0.381E-01 -0.594E-03 -0.165E-03 -0.229E-01 -0.358E-03 -0.307E-05 -0.101E-03  0.253E-01  0.155E-01
3   0.792     5.3 -0.375E-01 -0.529E-03 -0.147E-03 -0.226E-01 -0.318E-03 -0.266E-05 -0.900E-04  0.249E-01  0.153E-01
3   0.799     5.3 -0.370E-01 -0.468E-03 -0.130E-03 -0.222E-01 -0.281E-03 -0.228E-05 -0.795E-04  0.246E-01  0.150E-01
3   0.780     5.2 -0.384E-01 -0.649E-03 -0.180E-03 -0.231E-01 -0.391E-03 -0.342E-05 -0.111E-03  0.255E-01  0.157E-01
3   0.787     5.3 -0.379E-01 -0.579E-03 -0.161E-03 -0.228E-01 -0.348E-03 -0.297E-05 -0.988E-04  0.252E-01  0.155E-01
3   0.794     5.3 -0.374E-01 -0.515E-03 -0.143E-03 -0.225E-01 -0.309E-03 -0.257E-05 -0.876E-04  0.249E-01  0.152E-01
3   0.782     5.2 -0.383E-01 -0.633E-03 -0.176E-03 -0.231E-01 -0.381E-03 -0.332E-05 -0.108E-03  0.254E-01  0.156E-01
3   0.788     5.3 -0.378E-01 -0.565E-03 -0.157E-03 -0.227E-01 -0.340E-03 -0.288E-05 -0.962E-04  0.251E-01  0.154E-01
3   0.795     5.3 -0.373E-01 -0.501E-03 -0.139E-03 -0.224E-01 -0.301E-03 -0.248E-05 -0.852E-04  0.248E-01  0.152E-01
3   0.783     5.2 -0.382E-01 -0.618E-03 -0.172E-03 -0.230E-01 -0.372E-03 -0.322E-05 -0.105E-03  0.254E-01  0.156E-01
3   0.790     5.3 -0.377E-01 -0.550E-03 -0.153E-03 -0.227E-01 -0.331E-03 -0.279E-05 -0.937E-04  0.250E-01  0.154E-01
3   0.797     5.3 -0.372E-01 -0.487E-03 -0.135E-03 -0.223E-01 -0.293E-03 -0.240E-05 -0.829E-04  0.247E-01  0.151E-01
3   0.785     5.2 -0.381E-01 -0.603E-03 -0.167E-03 -0.229E-01 -0.362E-03 -0.312E-05 -0.103E-03  0.253E-01  0.155E-01
3   0.791     5.3 -0.376E-01 -0.536E-03 -0.149E-03 -0.226E-01 -0.322E-03 -0.270E-05 -0.913E-04  0.250E-01  0.153E-01
3   0.798     5.3 -0.370E-01 -0.474E-03 -0.132E-03 -0.222E-01 -0.285E-03 -0.232E-05 -0.806E-04  0.246E-01  0.151E-01
3   0.786     5.2 -0.380E-01 -0.587E-03 -0.163E-03 -0.228E-01 -0.353E-03 -0.302E-05 -0.100E-03  0.252E-01  0.155E-01
3   0.793     5.3 -0.375E-01 -0.522E-03 -0.145E-03 -0.225E-01 -0.314E-03 -0.261E-05 -0.888E-04  0.249E-01  0.153E-01
3   0.800     5.3 -0.369E-01 -0.461E-03 -0.128E-03 -0.222E-01 -0.277E-03 -0.224E-05 -0.784E-04  0.245E-01  0.150E-01
3   0.788     5.2 -0.379E-01 -0.573E-03 -0.159E-03 -0.228E-01 -0.344E-03 -0.293E-05 -0.976E-04  0.252E-01  0.154E-01
3   0.794     5.3 -0.373E-01 -0.508E-03 -0.141E-03 -0.224E-01 -0.305E-03 -0.252E-05 -0.864E-04  0.248E-01  0.152E-01
3   0.789     5.3 -0.378E-01 -0.558E-03 -0.155E-03 -0.227E-01 -0.335E-03 -0.283E-05 -0.951E-04  0.251E-01  0.154E-01
3   0.796     5.3 -0.372E-01 -0.494E-03 -0.137E-03 -0.224E-01 -0.297E-03 -0.244E-05 -0.841E-04  0.247E-01  0.151E-01
3   0.791     5.3 -0.376E-01 -0.543E-03 -0.151E-03 -0.226E-01 -0.327E-03 -0.274E-05 -0.926E-04  0.250E-01  0.153E-01
3   0.797     5.3 -0.371E-01 -0.481E-03 -0.134E-03 -0.223E-01 -0.289E-03 -0.236E-05 -0.818E-04  0.246E-01  0.151E-01
3   0.792     5.3 -0.375E-01 -0.529E-03 -0.147E-03 -0.226E-01 -0.318E-03 -0.265E-05 -0.901E-04  0.249E-01  0.153E-01
3   0.799     5.3 -0.370E-01 -0.467E-03 -0.130E-03 -0.222E-01 -0.281E-03 -0.228E-05 -0.795E-04  0.246E-01  0.150E-01
3   0.794     5.3 -0.374E-01 -0.515E-03 -0.143E-03 -0.225E-01 -0.310E-03 -0.257E-05 -0.877E-04  0.248E-01  0.152E-01
3   0.795     5.3 -0.373E-01 -0.501E-03 -0.139E-03 -0.224E-01 -0.301E-03 -0.248E-05 -0.853E-04  0.248E-01  0.152E-01
3   0.797     5.3 -0.372E-01 -0.488E-03 -0.136E-03 -0.223E-01 -0.293E-03 -0.240E-05 -0.830E-04  0.247E-01  0.151E-01
3   0.798     5.3 -0.370E-01 -0.475E-03 -0.132E-03 -0.222E-01 -0.285E-03 -0.232E-05 -0.807E-04  0.246E-01  0.151E-01
3   0.800     5.3 -0.369E-01 -0.461E-03 -0.128E-03 -0.222E-01 -0.277E-03 -0.224E-05 -0.785E-04  0.245E-01  0.150E-01
3   0.010     5.9  0.317E-02  0.485E-03  0.135E-03  0.234E-02  0.357E-03  0.177E-02  0.128E-02 -0.655E-03 -0.624E-02
3   0.020     5.9  0.489E-02  0.955E-03  0.265E-03  0.345E-02  0.674E-03  0.218E-02  0.164E-02 -0.133E-02 -0.822E-02
3   0.030     5.9  0.614E-02  0.137E-02  0.380E-03  0.422E-02  0.942E-03  0.238E-02  0.185E-02 -0.191E-02 -0.931E-02
3   0.040     5.9  0.707E-02  0.173E-02  0.481E-03  0.477E-02  0.117E-02  0.248E-02  0.197E-02 -0.241E-02 -0.990E-02
3   0.050     5.9  0.775E-02  0.205E-02  0.568E-03  0.515E-02  0.136E-02  0.248E-02  0.203E-02 -0.283E-02 -0.101E-01
3   0.060     5.9  0.824E-02  0.231E-02  0.642E-03  0.540E-02  0.152E-02  0.243E-02  0.204E-02 -0.319E-02 -0.101E-01
3   0.070     5.9  0.855E-02  0.253E-02  0.703E-03  0.554E-02  0.164E-02  0.233E-02  0.201E-02 -0.347E-02 -0.993E-02
3   0.080     5.9  0.871E-02  0.271E-02  0.751E-03  0.558E-02  0.173E-02  0.220E-02  0.195E-02 -0.369E-02 -0.957E-02
3   0.090     5.9  0.873E-02  0.283E-02  0.786E-03  0.553E-02  0.179E-02  0.204E-02  0.186E-02 -0.384E-02 -0.909E-02
3   0.100     5.9  0.864E-02  0.291E-02  0.807E-03  0.541E-02  0.182E-02  0.187E-02  0.175E-02 -0.393E-02 -0.853E-02
3   0.110     5.9  0.843E-02  0.293E-02  0.815E-03  0.522E-02  0.182E-02  0.168E-02  0.163E-02 -0.396E-02 -0.790E-02
3   0.120     5.9  0.812E-02  0.291E-02  0.809E-03  0.497E-02  0.178E-02  0.149E-02  0.149E-02 -0.392E-02 -0.723E-02
3   0.130     5.9  0.771E-02  0.284E-02  0.789E-03  0.466E-02  0.172E-02  0.130E-02  0.135E-02 -0.382E-02 -0.652E-02
3   0.140     5.9  0.722E-02  0.272E-02  0.757E-03  0.431E-02  0.162E-02  0.112E-02  0.120E-02 -0.367E-02 -0.580E-02
3   0.150     5.9  0.665E-02  0.256E-02  0.711E-03  0.390E-02  0.150E-02  0.938E-03  0.104E-02 -0.345E-02 -0.506E-02
3   0.160     5.9  0.601E-02  0.235E-02  0.654E-03  0.345E-02  0.135E-02  0.769E-03  0.888E-03 -0.318E-02 -0.432E-02
3   0.170     5.9  0.530E-02  0.211E-02  0.585E-03  0.297E-02  0.118E-02  0.610E-03  0.734E-03 -0.286E-02 -0.359E-02
3   0.180     5.9  0.453E-02  0.182E-02  0.505E-03  0.245E-02  0.983E-03  0.464E-03  0.582E-03 -0.248E-02 -0.286E-02
3   0.190     5.9  0.370E-02  0.150E-02  0.416E-03  0.189E-02  0.767E-03  0.330E-03  0.433E-03 -0.206E-02 -0.214E-02
3   0.200     5.9  0.282E-02  0.115E-02  0.319E-03  0.131E-02  0.534E-03  0.210E-03  0.288E-03 -0.159E-02 -0.144E-02
3   0.210     5.9  0.189E-02  0.772E-03  0.214E-03  0.699E-03  0.286E-03  0.103E-03  0.148E-03 -0.108E-02 -0.745E-03
3   0.220     5.9  0.911E-03  0.373E-03  0.104E-03  0.646E-04  0.265E-04  0.870E-05  0.132E-04 -0.528E-03 -0.670E-04
3   0.230     5.9 -0.103E-03 -0.422E-04 -0.117E-04 -0.591E-03 -0.242E-03 -0.728E-04 -0.116E-03  0.605E-04  0.597E-03
3   0.240     5.9 -0.115E-02 -0.471E-03 -0.131E-03 -0.127E-02 -0.516E-03 -0.142E-03 -0.238E-03  0.683E-03  0.125E-02
3   0.250     5.9 -0.224E-02 -0.907E-03 -0.252E-03 -0.196E-02 -0.794E-03 -0.201E-03 -0.354E-03  0.134E-02  0.188E-02
3   0.260     5.9 -0.335E-02 -0.135E-02 -0.374E-03 -0.266E-02 -0.107E-02 -0.249E-03 -0.463E-03  0.202E-02  0.250E-02
3   0.270     5.9 -0.449E-02 -0.179E-02 -0.497E-03 -0.338E-02 -0.135E-02 -0.287E-03 -0.566E-03  0.273E-02  0.311E-02
3   0.280     5.9 -0.565E-02 -0.222E-02 -0.618E-03 -0.411E-02 -0.162E-02 -0.317E-03 -0.661E-03  0.346E-02  0.370E-02
3   0.290     5.9 -0.683E-02 -0.265E-02 -0.737E-03 -0.485E-02 -0.188E-02 -0.338E-03 -0.749E-03  0.421E-02  0.428E-02
3   0.300     5.9 -0.803E-02 -0.307E-02 -0.852E-03 -0.560E-02 -0.214E-02 -0.353E-03 -0.830E-03  0.498E-02  0.485E-02
3   0.310     5.9 -0.924E-02 -0.347E-02 -0.964E-03 -0.635E-02 -0.239E-02 -0.362E-03 -0.904E-03  0.576E-02  0.541E-02
3   0.320     5.9 -0.105E-01 -0.385E-02 -0.107E-02 -0.711E-02 -0.262E-02 -0.366E-03 -0.971E-03  0.656E-02  0.595E-02
3   0.330     5.9 -0.117E-01 -0.421E-02 -0.117E-02 -0.787E-02 -0.283E-02 -0.365E-03 -0.103E-02  0.736E-02  0.649E-02
3   0.340     5.9 -0.129E-01 -0.455E-02 -0.126E-02 -0.863E-02 -0.304E-02 -0.360E-03 -0.108E-02  0.818E-02  0.701E-02
3   0.350     5.9 -0.142E-01 -0.486E-02 -0.135E-02 -0.939E-02 -0.322E-02 -0.352E-03 -0.113E-02  0.900E-02  0.753E-02
3   0.360     5.9 -0.154E-01 -0.515E-02 -0.143E-02 -0.101E-01 -0.339E-02 -0.342E-03 -0.117E-02  0.982E-02  0.803E-02
3   0.370     5.9 -0.166E-01 -0.540E-02 -0.150E-02 -0.109E-01 -0.354E-02 -0.330E-03 -0.120E-02  0.106E-01  0.853E-02
3   0.380     5.9 -0.179E-01 -0.563E-02 -0.156E-02 -0.116E-01 -0.367E-02 -0.316E-03 -0.123E-02  0.115E-01  0.901E-02
3   0.390     5.9 -0.191E-01 -0.582E-02 -0.162E-02 -0.124E-01 -0.378E-02 -0.301E-03 -0.125E-02  0.123E-01  0.949E-02
3   0.400     5.9 -0.203E-01 -0.599E-02 -0.166E-02 -0.131E-01 -0.387E-02 -0.285E-03 -0.126E-02  0.131E-01  0.995E-02
3   0.410     5.9 -0.215E-01 -0.612E-02 -0.170E-02 -0.138E-01 -0.394E-02 -0.268E-03 -0.127E-02  0.139E-01  0.104E-01
3   0.420     5.9 -0.227E-01 -0.622E-02 -0.173E-02 -0.145E-01 -0.399E-02 -0.252E-03 -0.128E-02  0.147E-01  0.109E-01
3   0.430     5.9 -0.239E-01 -0.629E-02 -0.175E-02 -0.152E-01 -0.402E-02 -0.235E-03 -0.127E-02  0.155E-01  0.113E-01
3   0.440     5.9 -0.250E-01 -0.633E-02 -0.176E-02 -0.159E-01 -0.403E-02 -0.220E-03 -0.127E-02  0.163E-01  0.117E-01
3   0.450     5.9 -0.261E-01 -0.634E-02 -0.176E-02 -0.166E-01 -0.403E-02 -0.204E-03 -0.125E-02  0.170E-01  0.121E-01
3   0.460     5.9 -0.273E-01 -0.633E-02 -0.176E-02 -0.172E-01 -0.400E-02 -0.189E-03 -0.124E-02  0.178E-01  0.125E-01
3   0.470     5.9 -0.283E-01 -0.628E-02 -0.175E-02 -0.179E-01 -0.397E-02 -0.174E-03 -0.122E-02  0.185E-01  0.129E-01
3   0.480     5.9 -0.294E-01 -0.621E-02 -0.173E-02 -0.185E-01 -0.391E-02 -0.160E-03 -0.119E-02  0.192E-01  0.133E-01
3   0.490     5.9 -0.304E-01 -0.612E-02 -0.170E-02 -0.191E-01 -0.384E-02 -0.147E-03 -0.117E-02  0.199E-01  0.137E-01
3   0.500     5.9 -0.314E-01 -0.600E-02 -0.167E-02 -0.197E-01 -0.376E-02 -0.134E-03 -0.113E-02  0.206E-01  0.140E-01
3   0.510     5.9 -0.324E-01 -0.587E-02 -0.163E-02 -0.202E-01 -0.367E-02 -0.122E-03 -0.110E-02  0.213E-01  0.144E-01
3   0.520     5.9 -0.333E-01 -0.571E-02 -0.159E-02 -0.208E-01 -0.356E-02 -0.112E-03 -0.106E-02  0.219E-01  0.147E-01
3   0.530     5.9 -0.342E-01 -0.554E-02 -0.154E-02 -0.213E-01 -0.345E-02 -0.101E-03 -0.103E-02  0.225E-01  0.150E-01
3   0.540     5.9 -0.350E-01 -0.535E-02 -0.149E-02 -0.218E-01 -0.332E-02 -0.916E-04 -0.985E-03  0.231E-01  0.153E-01
3   0.550     5.9 -0.358E-01 -0.515E-02 -0.143E-02 -0.222E-01 -0.319E-02 -0.828E-04 -0.942E-03  0.236E-01  0.155E-01
3   0.560     5.9 -0.366E-01 -0.494E-02 -0.137E-02 -0.226E-01 -0.306E-02 -0.747E-04 -0.899E-03  0.241E-01  0.158E-01
3   0.570     5.9 -0.373E-01 -0.471E-02 -0.131E-02 -0.230E-01 -0.291E-02 -0.674E-04 -0.855E-03  0.246E-01  0.160E-01
3   0.580     5.9 -0.379E-01 -0.449E-02 -0.125E-02 -0.234E-01 -0.277E-02 -0.606E-04 -0.810E-03  0.250E-01  0.163E-01
3   0.590     5.9 -0.385E-01 -0.425E-02 -0.118E-02 -0.238E-01 -0.262E-02 -0.543E-04 -0.764E-03  0.255E-01  0.165E-01
3   0.600     5.9 -0.391E-01 -0.402E-02 -0.112E-02 -0.241E-01 -0.247E-02 -0.485E-04 -0.719E-03  0.258E-01  0.167E-01
3   0.610     5.9 -0.396E-01 -0.378E-02 -0.105E-02 -0.243E-01 -0.232E-02 -0.433E-04 -0.673E-03  0.262E-01  0.168E-01
3   0.620     5.9 -0.401E-01 -0.354E-02 -0.983E-03 -0.246E-01 -0.217E-02 -0.386E-04 -0.629E-03  0.265E-01  0.170E-01
3   0.630     5.9 -0.405E-01 -0.330E-02 -0.917E-03 -0.248E-01 -0.202E-02 -0.343E-04 -0.584E-03  0.268E-01  0.171E-01
3   0.640     5.9 -0.408E-01 -0.307E-02 -0.852E-03 -0.250E-01 -0.188E-02 -0.303E-04 -0.541E-03  0.270E-01  0.172E-01
3   0.650     5.9 -0.411E-01 -0.284E-02 -0.788E-03 -0.251E-01 -0.173E-02 -0.267E-04 -0.499E-03  0.272E-01  0.172E-01
3   0.660     5.9 -0.413E-01 -0.261E-02 -0.725E-03 -0.252E-01 -0.159E-02 -0.234E-04 -0.458E-03  0.274E-01  0.173E-01
3   0.670     5.9 -0.415E-01 -0.239E-02 -0.664E-03 -0.253E-01 -0.146E-02 -0.204E-04 -0.418E-03  0.275E-01  0.173E-01
3   0.680     5.9 -0.415E-01 -0.218E-02 -0.606E-03 -0.253E-01 -0.133E-02 -0.178E-04 -0.381E-03  0.275E-01  0.173E-01
3   0.690     5.9 -0.416E-01 -0.198E-02 -0.550E-03 -0.253E-01 -0.120E-02 -0.155E-04 -0.344E-03  0.276E-01  0.173E-01
3   0.700     5.9 -0.415E-01 -0.179E-02 -0.496E-03 -0.252E-01 -0.108E-02 -0.135E-04 -0.310E-03  0.275E-01  0.172E-01
3   0.710     5.9 -0.414E-01 -0.160E-02 -0.445E-03 -0.251E-01 -0.971E-03 -0.116E-04 -0.278E-03  0.275E-01  0.171E-01
3   0.720     5.9 -0.412E-01 -0.143E-02 -0.397E-03 -0.250E-01 -0.865E-03 -0.991E-05 -0.247E-03  0.273E-01  0.170E-01
3   0.730     5.9 -0.409E-01 -0.127E-02 -0.352E-03 -0.248E-01 -0.766E-03 -0.842E-05 -0.218E-03  0.272E-01  0.169E-01
3   0.740     5.9 -0.406E-01 -0.112E-02 -0.310E-03 -0.245E-01 -0.674E-03 -0.711E-05 -0.192E-03  0.269E-01  0.167E-01
3   0.010     5.9  0.317E-02  0.485E-03  0.135E-03  0.234E-02  0.357E-03  0.177E-02  0.128E-02 -0.655E-03 -0.624E-02
3   0.020     5.9  0.489E-02  0.955E-03  0.265E-03  0.345E-02  0.674E-03  0.218E-02  0.164E-02 -0.133E-02 -0.822E-02
3   0.030     5.9  0.614E-02  0.137E-02  0.380E-03  0.422E-02  0.942E-03  0.238E-02  0.185E-02 -0.191E-02 -0.931E-02
3   0.040     5.9  0.707E-02  0.173E-02  0.481E-03  0.477E-02  0.117E-02  0.248E-02  0.197E-02 -0.241E-02 -0.990E-02
3   0.050     5.9  0.775E-02  0.205E-02  0.568E-03  0.515E-02  0.136E-02  0.248E-02  0.203E-02 -0.283E-02 -0.101E-01
3   0.060     5.9  0.824E-02  0.231E-02  0.642E-03  0.540E-02  0.152E-02  0.243E-02  0.204E-02 -0.319E-02 -0.101E-01
3   0.070     5.9  0.855E-02  0.253E-02  0.703E-03  0.554E-02  0.164E-02  0.233E-02  0.201E-02 -0.347E-02 -0.993E-02
3   0.080     5.9  0.871E-02  0.271E-02  0.751E-03  0.558E-02  0.173E-02  0.220E-02  0.195E-02 -0.369E-02 -0.957E-02
3   0.090     5.9  0.873E-02  0.283E-02  0.786E-03  0.553E-02  0.179E-02  0.204E-02  0.186E-02 -0.384E-02 -0.909E-02
3   0.100     5.9  0.864E-02  0.291E-02  0.807E-03  0.541E-02  0.182E-02  0.187E-02  0.175E-02 -0.393E-02 -0.853E-02
3   0.110     5.9  0.843E-02  0.293E-02  0.815E-03  0.522E-02  0.182E-02  0.168E-02  0.163E-02 -0.396E-02 -0.790E-02
3   0.120     5.9  0.812E-02  0.291E-02  0.809E-03  0.497E-02  0.178E-02  0.149E-02  0.149E-02 -0.392E-02 -0.723E-02
3   0.130     5.9  0.771E-02  0.284E-02  0.789E-03  0.466E-02  0.172E-02  0.130E-02  0.135E-02 -0.382E-02 -0.652E-02
3   0.140     5.9  0.722E-02  0.272E-02  0.757E-03  0.431E-02  0.162E-02  0.112E-02  0.120E-02 -0.367E-02 -0.580E-02
3   0.150     5.9  0.665E-02  0.256E-02  0.711E-03  0.390E-02  0.150E-02  0.938E-03  0.104E-02 -0.345E-02 -0.506E-02
3   0.160     5.9  0.601E-02  0.235E-02  0.654E-03  0.345E-02  0.135E-02  0.769E-03  0.888E-03 -0.318E-02 -0.432E-02
3   0.170     5.9  0.530E-02  0.211E-02  0.585E-03  0.297E-02  0.118E-02  0.610E-03  0.734E-03 -0.286E-02 -0.359E-02
3   0.180     5.9  0.453E-02  0.182E-02  0.505E-03  0.245E-02  0.983E-03  0.464E-03  0.582E-03 -0.248E-02 -0.286E-02
3   0.190     5.9  0.370E-02  0.150E-02  0.416E-03  0.189E-02  0.767E-03  0.330E-03  0.433E-03 -0.206E-02 -0.214E-02
3   0.200     5.9  0.282E-02  0.115E-02  0.319E-03  0.131E-02  0.534E-03  0.210E-03  0.288E-03 -0.159E-02 -0.144E-02
3   0.210     5.9  0.189E-02  0.772E-03  0.214E-03  0.699E-03  0.286E-03  0.103E-03  0.148E-03 -0.108E-02 -0.745E-03
3   0.220     5.9  0.911E-03  0.373E-03  0.104E-03  0.646E-04  0.265E-04  0.870E-05  0.132E-04 -0.528E-03 -0.670E-04
3   0.230     5.9 -0.103E-03 -0.422E-04 -0.117E-04 -0.591E-03 -0.242E-03 -0.728E-04 -0.116E-03  0.605E-04  0.597E-03
3   0.240     5.9 -0.115E-02 -0.471E-03 -0.131E-03 -0.127E-02 -0.516E-03 -0.142E-03 -0.238E-03  0.683E-03  0.125E-02
3   0.250     5.9 -0.224E-02 -0.907E-03 -0.252E-03 -0.196E-02 -0.794E-03 -0.201E-03 -0.354E-03  0.134E-02  0.188E-02
3   0.260     5.9 -0.335E-02 -0.135E-02 -0.374E-03 -0.266E-02 -0.107E-02 -0.249E-03 -0.463E-03  0.202E-02  0.250E-02
3   0.270     5.9 -0.449E-02 -0.179E-02 -0.497E-03 -0.338E-02 -0.135E-02 -0.287E-03 -0.566E-03  0.273E-02  0.311E-02
3   0.280     5.9 -0.565E-02 -0.222E-02 -0.618E-03 -0.411E-02 -0.162E-02 -0.317E-03 -0.661E-03  0.346E-02  0.370E-02
3   0.290     5.9 -0.683E-02 -0.265E-02 -0.737E-03 -0.485E-02 -0.188E-02 -0.338E-03 -0.749E-03  0.421E-02  0.428E-02
3   0.300     5.9 -0.803E-02 -0.307E-02 -0.852E-03 -0.560E-02 -0.214E-02 -0.353E-03 -0.830E-03  0.498E-02  0.485E-02
3   0.310     5.9 -0.924E-02 -0.347E-02 -0.964E-03 -0.635E-02 -0.239E-02 -0.362E-03 -0.904E-03  0.576E-02  0.541E-02
3   0.320     5.9 -0.105E-01 -0.385E-02 -0.107E-02 -0.711E-02 -0.262E-02 -0.366E-03 -0.971E-03  0.656E-02  0.595E-02
3   0.330     5.9 -0.117E-01 -0.421E-02 -0.117E-02 -0.787E-02 -0.283E-02 -0.365E-03 -0.103E-02  0.736E-02  0.649E-02
3   0.340     5.9 -0.129E-01 -0.455E-02 -0.126E-02 -0.863E-02 -0.304E-02 -0.360E-03 -0.108E-02  0.818E-02  0.701E-02
3   0.350     5.9 -0.142E-01 -0.486E-02 -0.135E-02 -0.939E-02 -0.322E-02 -0.352E-03 -0.113E-02  0.900E-02  0.753E-02
3   0.360     5.9 -0.154E-01 -0.515E-02 -0.143E-02 -0.101E-01 -0.339E-02 -0.342E-03 -0.117E-02  0.982E-02  0.803E-02
3   0.370     5.9 -0.166E-01 -0.540E-02 -0.150E-02 -0.109E-01 -0.354E-02 -0.330E-03 -0.120E-02  0.106E-01  0.853E-02
3   0.380     5.9 -0.179E-01 -0.563E-02 -0.156E-02 -0.116E-01 -0.367E-02 -0.316E-03 -0.123E-02  0.115E-01  0.901E-02
3   0.390     5.9 -0.191E-01 -0.582E-02 -0.162E-02 -0.124E-01 -0.378E-02 -0.301E-03 -0.125E-02  0.123E-01  0.949E-02
3   0.400     5.9 -0.203E-01 -0.599E-02 -0.166E-02 -0.131E-01 -0.387E-02 -0.285E-03 -0.126E-02  0.131E-01  0.995E-02
3   0.410     5.9 -0.215E-01 -0.612E-02 -0.170E-02 -0.138E-01 -0.394E-02 -0.268E-03 -0.127E-02  0.139E-01  0.104E-01
3   0.420     5.9 -0.227E-01 -0.622E-02 -0.173E-02 -0.145E-01 -0.399E-02 -0.252E-03 -0.128E-02  0.147E-01  0.109E-01
3   0.430     5.9 -0.239E-01 -0.629E-02 -0.175E-02 -0.152E-01 -0.402E-02 -0.235E-03 -0.127E-02  0.155E-01  0.113E-01
3   0.440     5.9 -0.250E-01 -0.633E-02 -0.176E-02 -0.159E-01 -0.403E-02 -0.220E-03 -0.127E-02  0.163E-01  0.117E-01
3   0.450     5.9 -0.261E-01 -0.634E-02 -0.176E-02 -0.166E-01 -0.403E-02 -0.204E-03 -0.125E-02  0.170E-01  0.121E-01
3   0.460     5.9 -0.273E-01 -0.633E-02 -0.176E-02 -0.172E-01 -0.400E-02 -0.189E-03 -0.124E-02  0.178E-01  0.125E-01
3   0.470     5.9 -0.283E-01 -0.628E-02 -0.175E-02 -0.179E-01 -0.397E-02 -0.174E-03 -0.122E-02  0.185E-01  0.129E-01
3   0.480     5.9 -0.294E-01 -0.621E-02 -0.173E-02 -0.185E-01 -0.391E-02 -0.160E-03 -0.119E-02  0.192E-01  0.133E-01
3   0.490     5.9 -0.304E-01 -0.612E-02 -0.170E-02 -0.191E-01 -0.384E-02 -0.147E-03 -0.117E-02  0.199E-01  0.137E-01
3   0.500     5.9 -0.314E-01 -0.600E-02 -0.167E-02 -0.197E-01 -0.376E-02 -0.134E-03 -0.113E-02  0.206E-01  0.140E-01
3   0.510     5.9 -0.324E-01 -0.587E-02 -0.163E-02 -0.202E-01 -0.367E-02 -0.122E-03 -0.110E-02  0.213E-01  0.144E-01
3   0.520     5.9 -0.333E-01 -0.571E-02 -0.159E-02 -0.208E-01 -0.356E-02 -0.112E-03 -0.106E-02  0.219E-01  0.147E-01
3   0.530     5.9 -0.342E-01 -0.554E-02 -0.154E-02 -0.213E-01 -0.345E-02 -0.101E-03 -0.103E-02  0.225E-01  0.150E-01
3   0.540     5.9 -0.350E-01 -0.535E-02 -0.149E-02 -0.218E-01 -0.332E-02 -0.916E-04 -0.985E-03  0.231E-01  0.153E-01
3   0.550     5.9 -0.358E-01 -0.515E-02 -0.143E-02 -0.222E-01 -0.319E-02 -0.828E-04 -0.942E-03  0.236E-01  0.155E-01
3   0.560     5.9 -0.366E-01 -0.494E-02 -0.137E-02 -0.226E-01 -0.306E-02 -0.747E-04 -0.899E-03  0.241E-01  0.158E-01
3   0.570     5.9 -0.373E-01 -0.471E-02 -0.131E-02 -0.230E-01 -0.291E-02 -0.674E-04 -0.855E-03  0.246E-01  0.160E-01
3   0.580     5.9 -0.379E-01 -0.449E-02 -0.125E-02 -0.234E-01 -0.277E-02 -0.606E-04 -0.810E-03  0.250E-01  0.163E-01
3   0.590     5.9 -0.385E-01 -0.425E-02 -0.118E-02 -0.238E-01 -0.262E-02 -0.543E-04 -0.764E-03  0.255E-01  0.165E-01
3   0.600     5.9 -0.391E-01 -0.402E-02 -0.112E-02 -0.241E-01 -0.247E-02 -0.485E-04 -0.719E-03  0.258E-01  0.167E-01
3   0.610     5.9 -0.396E-01 -0.378E-02 -0.105E-02 -0.243E-01 -0.232E-02 -0.433E-04 -0.673E-03  0.262E-01  0.168E-01
3   0.620     5.9 -0.401E-01 -0.354E-02 -0.983E-03 -0.246E-01 -0.217E-02 -0.386E-04 -0.629E-03  0.265E-01  0.170E-01
3   0.630     5.9 -0.405E-01 -0.330E-02 -0.917E-03 -0.248E-01 -0.202E-02 -0.343E-04 -0.584E-03  0.268E-01  0.171E-01
3   0.640     5.9 -0.408E-01 -0.307E-02 -0.852E-03 -0.250E-01 -0.188E-02 -0.303E-04 -0.541E-03  0.270E-01  0.172E-01
3   0.650     5.9 -0.411E-01 -0.284E-02 -0.788E-03 -0.251E-01 -0.173E-02 -0.267E-04 -0.499E-03  0.272E-01  0.172E-01
3   0.660     5.9 -0.413E-01 -0.261E-02 -0.725E-03 -0.252E-01 -0.159E-02 -0.234E-04 -0.458E-03  0.274E-01  0.173E-01
3   0.670     5.9 -0.415E-01 -0.239E-02 -0.664E-03 -0.253E-01 -0.146E-02 -0.204E-04 -0.418E-03  0.275E-01  0.173E-01
3   0.680     5.9 -0.415E-01 -0.218E-02 -0.606E-03 -0.253E-01 -0.133E-02 -0.178E-04 -0.381E-03  0.275E-01  0.173E-01
3   0.690     5.9 -0.416E-01 -0.198E-02 -0.550E-03 -0.253E-01 -0.120E-02 -0.155E-04 -0.344E-03  0.276E-01  0.173E-01
3   0.700     5.9 -0.415E-01 -0.179E-02 -0.496E-03 -0.252E-01 -0.108E-02 -0.135E-04 -0.310E-03  0.275E-01  0.172E-01
3   0.710     5.9 -0.414E-01 -0.160E-02 -0.445E-03 -0.251E-01 -0.971E-03 -0.116E-04 -0.278E-03  0.275E-01  0.171E-01
3   0.720     5.9 -0.412E-01 -0.143E-02 -0.397E-03 -0.250E-01 -0.865E-03 -0.991E-05 -0.247E-03  0.273E-01  0.170E-01
3   0.730     5.9 -0.409E-01 -0.127E-02 -0.352E-03 -0.248E-01 -0.766E-03 -0.842E-05 -0.218E-03  0.272E-01  0.169E-01
3   0.740     5.9 -0.406E-01 -0.112E-02 -0.310E-03 -0.245E-01 -0.674E-03 -0.711E-05 -0.192E-03  0.269E-01  0.167E-01
