0.0099988915	0.1293542981
0.0102738056	0.1270519519
0.0105487197	0.1248043178
0.0110896796	0.1204613565
0.0121804678	0.1123787461
0.0124553819	0.110478608
0.012730296	0.1086272674
0.0132756901	0.1050650631
0.0143664782	0.0984774251
0.0146369582	0.0969395702
0.0149118723	0.0954431191
0.0154572664	0.0925759069
0.0157366146	0.0912036672
0.0160026605	0.0898713525
0.0165524886	0.0873205836
0.0168274027	0.086103608
0.0170978827	0.0849236002
0.0176432768	0.08267153
0.0187384991	0.0785799487
0.019004545	0.0776424487
0.019279459	0.0767360016
0.0198248531	0.0750133084
0.0200997672	0.0741970623
0.0203746813	0.0734148265
0.0209156413	0.0719272476
0.0211905554	0.071224862
0.0214610354	0.0705520505
0.0220108635	0.0692818415
0.0231016517	0.0670327287
0.0233765658	0.0665284897
0.0236470458	0.0660449527
0.0241924399	0.0651399842
0.024467354	0.0647185528
0.0247378339	0.0643163446
0.025283228	0.0635651617
0.0255581421	0.0632132295
0.0258286221	0.0628819992
0.0263784503	0.0622609424
0.0266489303	0.0619755521
0.0269238444	0.0617019913
0.0274648043	0.0611933162
0.0277618889	0.0609404574
0.0280589735	0.0606979495
0.0286531427	0.0602528588
0.0289457931	0.0600473186
0.0292428777	0.0598491719
0.0295399623	0.0596628549
0.0298370469	0.0594868888
0.0301341315	0.0592576893
0.030426782	0.0589678628
0.0310209511	0.058407433
0.0322004212	0.0573664235
0.0324975058	0.0571209582
0.0327990245	0.0568814077
0.0333843255	0.0564185726
0.0345726638	0.055559444
0.0348653143	0.0553553825
0.0351623988	0.0551557571
0.0357521339	0.0547712934
0.0369360381	0.0540511632
0.0372331227	0.053881112
0.0375302073	0.0537140181
0.0381199424	0.053387224
0.0393038466	0.0527661672
0.041671655	0.0514974369
0.0464072719	0.0491403785
0.046682186	0.0490102524
0.0469615342	0.0488845623
0.0475113624	0.0486302248
0.0486154528	0.0481319006
0.0508280678	0.0471426459
0.0552488638	0.0451804022
0.0640904556	0.0413756901
0.0814322137	0.0340901025
0.1002372243	0.0267276222
0.1005121383	0.0266255915
0.1007826183	0.0265265181
0.1013324465	0.0263239353
0.1024276688	0.0259261632
0.1046225474	0.0251394913
0.1090123046	0.02360903
0.1092827846	0.0235143927
0.1095621328	0.0234227129
0.1101075269	0.0232363959
0.1112071832	0.0228667192
0.1133976278	0.0221451104
0.117787385	0.0207462539
0.1180844696	0.0206545741
0.1183771201	0.0205628943
0.1189757233	0.0203810134
0.1201640616	0.0200216877
0.1225407383	0.0193163446
0.1272985257	0.0179781151
0.1275956102	0.0178967863
0.1278882607	0.0178154574
0.128486864	0.0176587145
0.1296752023	0.0173452287
0.1320518789	0.0167374803
0.1368096663	0.0156003549
0.1370978827	0.0155338131
0.1373905332	0.01546875
0.1379758342	0.0153386238
0.1391464361	0.0150842863
0.1414743377	0.0145903983
0.1417669881	0.0145297713
0.1420596386	0.0144691443
0.1426449396	0.0143508478
0.1438066733	0.0141216483
0.1461478772	0.013679515
0.1464360936	0.0136248028
0.146728744	0.0135730481
0.1473096109	0.0134680599
0.1484802128	0.013261041
0.1508125485	0.0128721412
0.1554816539	0.012162362
0.155756568	0.0121253943
0.1560226139	0.0120869479
0.1576587961	0.011865142
0.1598359384	0.0115841877
0.1601108525	0.0115516562
0.1603813324	0.0115191246
0.1609222924	0.0114540615
0.1620175147	0.0113268927
0.1641946569	0.0110829062
0.1644607028	0.011053332
0.1647356169	0.0110252366
0.165281011	0.010967567
0.1663717991	0.0108581427
0.1685445073	0.0106466877
0.1728987917	0.0102696175
0.1731958763	0.0102459582
0.1734929609	0.0102237776
0.1740782618	0.010176459
0.1752621661	0.0100862579
0.1776211063	0.0099176853
0.182347855	0.0096101144
0.1826405055	0.0095923699
0.182933156	0.0095746254
0.183522891	0.0095420938
0.1847067953	0.0094711159
0.1870701696	0.0093409897
0.1917924842	0.0090940457
0.1920629642	0.0090792587
0.1923423124	0.0090659503
0.1928921406	0.0090393336
0.1961955437	0.0088751972
0.2006074715	0.0086637421
0.2008823855	0.008648955
0.2011528655	0.0086356467
0.2017071278	0.0086105087
0.2028112183	0.0085572752
0.2050149651	0.0084478509
0.2094224587	0.0082245662
0.2096929387	0.0082097792
0.2099634187	0.0081964708
0.2104999446	0.0081698541
0.2115862986	0.0081107058
0.2137412704	0.0079924093
0.2180645161	0.0077454653
0.2183349961	0.0077306782
0.2186054761	0.0077129338
0.2191464361	0.0076818809
0.2202283561	0.0076168178
0.2223833278	0.0074822555
0.2267110076	0.0071968651
0.226999224	0.0071761632
0.2272963086	0.0071554614
0.2278816096	0.0071140576
0.2290522115	0.00703125
0.2313978495	0.0068626774
0.2360846913	0.0065033517
0.245462809	0.0057152011
0.2457377231	0.0056915418
0.2460126372	0.0056678825
0.2465580313	0.0056176065
0.2476532535	0.0055185331
0.2498392639	0.005317429
0.2542157189	0.0049004338
0.2629641947	0.0040279968
0.2819377009	0.0020302642
0.3005564793	8.87223974764281E-005
0.3008269593	6.21056782335249E-005
0.3011018734	0.000035489
0.3016428334	-1.92231861197975E-005
0.3027291875	-0.0001242114
0.3049018956	-0.0003371451
0.3092428777	-0.0007541404
0.3179292761	-0.0015408123
0.3182219266	-0.001567429
0.3185145771	-0.0015940457
0.3190998781	-0.0016458005
0.3202837823	-0.0017433951
0.3226382884	-0.0019415418
0.3273473007	-0.002318612
0.3276399512	-0.0023407926
0.3279370358	-0.0023644519
0.3285223368	-0.0024102918
0.3297018069	-0.0024990142
0.332056313	-0.0026735016
0.3367653254	-0.0030047319
0.3370358053	-0.0030224763
0.3373151535	-0.0030416995
0.3378649817	-0.0030786672
0.338960204	-0.0031511238
0.3411595167	-0.0032916009
0.345553708	-0.0035577681
0.3458286221	-0.0035725552
0.3461079703	-0.0035873423
0.3466533644	-0.0036213525
0.3499523334	-0.0037987973
0.3543465248	-0.0040191246
0.3546436094	-0.0040339117
0.3549406939	-0.00404722
0.3555392972	-0.0040753155
0.3567276355	-0.0041285489
0.3591087463	-0.0042335371
0.3594058308	-0.0042468454
0.3597073495	-0.0042571964
0.3603059528	-0.0042823344
0.3614942911	-0.0043311317
0.3638754018	-0.0044213328
0.3641724864	-0.0044331625
0.364469571	-0.0044435134
0.3650681743	-0.004465694
0.3662565126	-0.0045041404
0.3686376233	-0.0045839905
0.3689347079	-0.0045928628
0.3692317925	-0.0046032137
0.3698259616	-0.0046194795
0.3710187341	-0.0046564472
0.3733998448	-0.0047215103
0.3736924953	-0.0047274251
0.3739851458	-0.004737776
0.3745704467	-0.0047496057
0.3757366146	-0.0047791798
0.3763263496	-0.0047939669
0.3769072165	-0.0048057965
0.3780778184	-0.0048309345
0.3783660348	-0.0048368494
0.3786586853	-0.0048442429
0.3792484204	-0.0048560726
0.3804145882	-0.0048782532
0.382755792	-0.0049196569
0.3830440084	-0.0049240931
0.3833366589	-0.0049300079
0.3839175258	-0.0049374014
0.3850925618	-0.0049566246
0.3853852123	-0.004959582
0.3856734287	-0.0049625394
0.3862587296	-0.004969933
0.3874293316	-0.0049861987
0.387721982	-0.0049891562
0.3880101984	-0.0049921136
0.3885999335	-0.0049965497
0.388892584	-0.0049995071
0.3891808004	-0.0050039432
0.3897661013	-0.0050083793
0.3900587518	-0.0050128155
0.3903558364	-0.0050157729
0.3909322691	-0.005020209
0.3921028711	-0.0050276025
0.3923777852	-0.0050320386
0.3926482652	-0.0050335174
0.3931936592	-0.0050364748
0.3934641392	-0.0050394322
0.3942844474	-0.0050438683
0.3945593615	-0.0050438683
0.3948298415	-0.005045347
0.3951047556	-0.0050483044
0.3953752356	-0.0050483044
0.3956457156	-0.0050497831
0.3959206296	-0.0050497831
0.3964660237	-0.0050512618
0.3970114178	-0.0050512618
0.3972863319	-0.0050527405
0.3975568119	-0.0050527405
0.397831726	-0.0050542192
0.3989225141	-0.0050542192
0.3991974282	-0.0050556979
0.4008291764	-0.0050556979
0.4010996564	-0.0050542192
0.4021948786	-0.0050542192
0.4024653586	-0.0050527405
0.4027402727	-0.0050527405
0.4030107527	-0.0050512618
0.4038266268	-0.0050512618
0.4041015408	-0.0050497831
0.4043720208	-0.0050497831
0.4046469349	-0.0050483044
0.405192329	-0.0050483044
0.4054672431	-0.005045347
0.4062831172	-0.0050409109
0.4065535972	-0.0050409109
0.4068285113	-0.0050394322
0.4073739053	-0.0050335174
0.4076488194	-0.0050320386
0.4079192994	-0.0050290812
0.4095554817	-0.005020209
0.4101452167	-0.0050142942
0.4107349518	-0.0050083793
0.411918856	-0.0049965497
0.4122159406	-0.004995071
0.4125085911	-0.0049921136
0.4131027602	-0.0049876774
0.4142822304	-0.0049728904
0.414583749	-0.004969933
0.4148763995	-0.0049669756
0.4154661346	-0.004959582
0.4166500388	-0.0049433162
0.4190134131	-0.0049122634
0.4201973174	-0.0048945189
0.4213767875	-0.0048752957
0.4237445959	-0.004833892
0.4284713446	-0.0047451696
0.4287506928	-0.0047407334
0.4290256069	-0.0047333399
0.4295798692	-0.0047215103
0.4306839596	-0.0046963722
0.4328921406	-0.0046490536
0.4373085024	-0.0045425868
0.446141226	-0.004304515
0.4464072719	-0.0042956427
0.446682186	-0.0042867705
0.447223146	-0.0042719834
0.4483006319	-0.0042409306
0.4504689059	-0.0041743888
0.4548010198	-0.0040383478
0.4634563796	-0.0037544361
0.4822436537	-0.0030801459
0.4997716439	-0.002429515
0.5187761889	-0.0017404377
0.5374348742	-0.00110903
0.5548298415	-0.0005826104
0.5554240106	-0.0005678233
0.5560137457	-0.0005500789
0.5595521561	-0.0004524842
0.5642611684	-0.0003282729
0.5737013635	-9.31585173500982E-005
0.5739762776	-0.000085765
0.5742511917	-8.13288643532593E-005
0.5747965857	-6.6541798107195E-005
0.5759051103	-4.14037854889045E-005
0.578104423	7.39353312308471E-006
0.5825119166	0.0001064669
0.5913136016	0.0002839117
0.5915796475	0.0002913052
0.5918545616	0.00029722
0.5923910875	0.0003060923
0.5934730074	0.0003267942
0.5999467908	0.0004421333
0.6002172708	0.0004450907
0.6004877508	0.0004510055
0.6010242767	0.0004613565
0.6042611684	0.0005145899
0.6085755459	0.000579653
0.6088770646	0.0005840891
0.609165281	0.0005900039
0.6109211839	0.0006166207
0.6132668219	0.0006476735
0.6179536637	0.0007112579
0.618237446	0.0007142153
0.6185433987	0.0007186514
0.6202904334	0.000740832
0.6226360714	0.0007689274
0.6275933932	0.0008236396
0.6278638732	0.000826597
0.6284137014	0.0008310331
0.6295000554	0.0008443415
0.6360669549	0.0009064472
0.6363285667	0.0009094046
0.6366079149	0.0009108833
0.6371533089	0.0009153194
0.638239663	0.0009256703
0.6404301075	0.0009419361
0.6447976943	0.0009774251
0.6450992129	0.0009803825
0.6453874293	0.0009818612
0.6459860326	0.0009862973
0.6471743709	0.0009922121
0.6495421794	0.0010084779
0.6498303957	0.0010114353
0.6519055537	0.0010217863
0.6542733622	0.0010380521
0.6545793149	0.0010395308
0.6548675313	0.0010395308
0.6566411706	0.001048403
0.6590178472	0.0010587539
0.6593104977	0.0010617114
0.6601973174	0.0010661475
0.6613856557	0.0010705836
0.6637534641	0.0010779771
0.6640283782	0.0010794558
0.6643032923	0.0010824132
0.6648619887	0.001083892
0.6659616451	0.0010898068
0.6681742601	0.0010957216
0.6684491741	0.0010972003
0.6687285223	0.0010972003
0.6725994901	0.0011075513
0.6731537524	0.0011075513
0.6736991464	0.0011105087
0.6748165392	0.0011119874
0.6753619333	0.0011119874
0.6759161955	0.0011134661
0.6770247201	0.0011179022
0.6775745483	0.0011179022
0.6781288106	0.0011193809
0.6792373351	0.0011208596
0.6795122492	0.0011208596
0.6797871633	0.0011223383
0.6803414256	0.0011223383
0.681445516	0.001123817
0.681986476	0.001123817
0.6825318701	0.0011252957
0.6860525441	0.0011252957
0.6863274582	0.0011282532
0.6903890921	0.0011282532
0.6906595721	0.0011297319
0.6925662343	0.0011297319
0.6928322802	0.0011282532
0.6971732624	0.0011282532
0.6977097883	0.0011252957
0.7011462144	0.0011252957
0.701443299	0.001123817
0.7023212504	0.001123817
0.7035007205	0.0011223383
0.7040904556	0.0011223383
0.7046801907	0.0011208596
0.7082052987	0.0011164235
0.7084979492	0.0011134661
0.7087950338	0.0011134661
0.7093803348	0.0011119874
0.7105553708	0.0011105087
0.7129143111	0.0011060726
0.7132025274	0.0011060726
0.713499612	0.0011045938
0.7140804789	0.0011045938
0.7176100211	0.0010957216
0.7178893692	0.0010957216
0.7181642833	0.0010942429
0.7187096774	0.0010942429
0.7198093338	0.0010912855
0.7220086465	0.001083892
0.7264028378	0.0010705836
0.7266688837	0.0010705836
0.7269437978	0.0010691049
0.7285932823	0.0010646688
0.7307837269	0.0010557965
0.7351734841	0.0010424882
0.7354750028	0.0010410095
0.7357720874	0.0010410095
0.7375545948	0.0010321372
0.7399312715	0.001023265
0.7542135018	0.0009641167
0.7903336659	0.0007925868
0.8092273584	0.0006949921
0.8441680523	0.0005308557
0.8629420242	0.0004510055
0.8804478439	0.000382985
0.8807582308	0.000382985
0.8810641836	0.0003815063
0.8816672209	0.0003800276
0.8853386543	0.0003667192
0.8902250305	0.0003504535
0.8905354174	0.0003489748
0.890836936	0.0003489748
0.8914488416	0.0003460174
0.8951158408	0.000332709
0.8954173595	0.0003297516
0.8957277464	0.0003297516
0.8975545948	0.0003253155
0.8978694158	0.0003238368
0.8981709345	0.0003238368
0.89878284	0.0003208793
0.8990843587	0.0003208793
0.8993858774	0.0003179219
0.8996918302	0.0003179219
0.900002217	0.0003164432
