0.1	0.023867111
0.1001843214	0.0237977498
0.1003677702	0.0237284615
0.1007356058	0.0235903363
0.1014721496	0.0233158775
0.1029443428	0.0227741368
0.1058887729	0.0217192813
0.1117767604	0.0197246737
0.111976351	0.0196597968
0.1121759416	0.0195951433
0.11257521	0.019466286
0.1133728961	0.0192108128
0.1149691409	0.0187084612
0.1181607579	0.0177383647
0.1245448644	0.0159401097
0.1247309308	0.0158904802
0.1249178697	0.0158410741
0.1252899589	0.0157427117
0.1260349662	0.0155480795
0.1275250244	0.0151666635
0.1305059698	0.0144362685
0.1306920362	0.0143920959
0.1308781026	0.0143480722
0.1312510425	0.0142605475
0.1319960498	0.0140874416
0.133486108	0.0137495995
0.1364670533	0.0131068797
0.1366496296	0.01306891
0.1368313334	0.0130310907
0.1371966387	0.0129560478
0.1379272056	0.0128079055
0.1393883832	0.0125195456
0.1423107165	0.0119746655
0.1424932928	0.0119420021
0.1426758691	0.0119094892
0.1430411526	0.0118449845
0.1437708907	0.0117179964
0.1452320682	0.011471715
0.1481543797	0.0110101748
0.1483524434	0.0109803515
0.1485502889	0.0109506787
0.1489470052	0.0108919302
0.1497387581	0.0107767507
0.1513239436	0.0105549863
0.1544934856	0.0101455401
0.1546913312	0.0101213986
0.1548891767	0.0100974804
0.1552859148	0.0100500939
0.1560784966	0.0099573373
0.1576628532	0.0097797455
0.1608323952	0.00945506
0.1610175891	0.0094373463
0.1612019105	0.0094197815
0.1615722983	0.0093849496
0.1623113724	0.0093168588
0.1637903713	0.0091866551
0.1639755652	0.0091708931
0.1641607591	0.0091552767
0.1645302961	0.009124408
0.1652693702	0.0090640898
0.1667483691	0.0089489847
0.166933563	0.0089350836
0.1671187569	0.0089213282
0.167488294	0.0088940456
0.1682273681	0.0088408285
0.1697072177	0.0087394011
0.1726652156	0.0085548604
0.1728648061	0.0085431926
0.1730652692	0.0085316057
0.1734662391	0.0085088073
0.1742673281	0.0084643353
0.1758703567	0.0083799501
0.1760708198	0.0083697873
0.1762712829	0.0083596892
0.1766722528	0.0083398086
0.1774733418	0.0083010912
0.1790763704	0.0082273187
0.1792768335	0.0082184181
0.1794772966	0.0082095985
0.1798774158	0.0081921825
0.1806793773	0.0081581744
0.1822824059	0.0080931486
0.1854876125	0.0079737081
0.1856848036	0.0079668304
0.1858811223	0.0079599527
0.1862744357	0.0079462782
0.187061935	0.0079194455
0.1886352323	0.0078674243
0.1917826994	0.0077686136
0.1980767393	0.0075813057
0.1982601882	0.007575933
0.198443637	0.0075704794
0.1988106437	0.0075596369
0.1995446135	0.0075378111
0.201012575	0.0074938619
0.2039484979	0.007403497
0.2041319468	0.007397736
0.2043153956	0.0073919749
0.2046824023	0.0073803233
0.2054163721	0.0073567789
0.2068843336	0.0073087192
0.2098202565	0.0072078905
0.2100189746	0.0072007863
0.2102176926	0.007193682
0.2106161103	0.0071793279
0.2114112661	0.0071501778
0.2130032573	0.0070900845
0.216186389	0.0069622727
0.2163859795	0.0069539709
0.2165846976	0.0069455235
0.2169822646	0.0069286319
0.2177782711	0.0068942499
0.2193702623	0.0068233934
0.2225533721	0.0066723366
0.2227394385	0.0066631447
0.2229246324	0.006653872
0.2232967216	0.0066352601
0.2240391986	0.0065975154
0.2255250032	0.0065198557
0.2284974632	0.0063560937
0.2344406599	0.0059937363
0.2346232362	0.0059818581
0.23480494	0.0059700446
0.2351693946	0.0059461264
0.2358974312	0.0058979162
0.2373543334	0.0057993305
0.2402681814	0.0055942345
0.246094983	0.005153023
0.2587391663	0.0040721569
0.2705372164	0.0029514519
0.2833258029	0.0016765506
0.295881621	0.0004273622
0.3075904771	-0.0006849715
0.3202898695	-0.0017887849
0.3204750634	-0.0018038834
0.3206602573	-0.001818982
0.321030645	-0.0018491047
0.3217714206	-0.0019088985
0.3232529716	-0.0020270687
0.3262160738	-0.00225713
0.3321431288	-0.0026916886
0.3323435919	-0.0027058162
0.3325449275	-0.0027198629
0.3329458974	-0.0027478915
0.3337486878	-0.0028033517
0.3353542686	-0.0029123283
0.338565452	-0.0031220592
0.3387659151	-0.0031347627
0.3389663782	-0.0031474662
0.3393681987	-0.0031727292
0.3401709891	-0.0032228085
0.3417765699	-0.003320797
0.3449868808	-0.0035082539
0.345184072	-0.0035193877
0.3453812631	-0.0035305214
0.345775449	-0.0035525705
0.3465637991	-0.0035962204
0.3481396485	-0.0036813533
0.3512921981	-0.0038433967
0.3514893893	-0.0038531873
0.3516865804	-0.003862897
0.3520807663	-0.0038821804
0.3528690946	-0.0039203006
0.354444944	-0.003994371
0.3575983444	-0.0041342908
0.3577817932	-0.0041421395
0.357965242	-0.0041499072
0.3583330776	-0.0041653132
0.3590687489	-0.0041958081
0.3605392625	-0.004254856
0.3634802679	-0.004365849
0.3636637167	-0.0043724192
0.3638471655	-0.0043790704
0.3642150012	-0.0043920814
0.3649506724	-0.0044177926
0.366421186	-0.0044672732
0.3693622132	-0.0045593582
0.3695609313	-0.004565184
0.3697605218	-0.0045710908
0.3701589395	-0.0045826777
0.3709557749	-0.0046053255
0.3725503183	-0.0046486016
0.3727499089	-0.0046537639
0.3729486269	-0.0046589909
0.3733479171	-0.0046691537
0.3741447525	-0.0046891104
0.3757392959	-0.0047270057
0.3759380139	-0.0047315692
0.3761376045	-0.0047360519
0.3765360222	-0.0047449524
0.3773328794	-0.0047622179
0.3789274009	-0.0047948068
0.3791269915	-0.0047986907
0.3793257096	-0.0048025746
0.379724978	-0.0048101157
0.3805218134	-0.0048247612
0.3821163567	-0.0048521911
0.3823024231	-0.0048552496
0.3824884895	-0.0048582434
0.3828605787	-0.0048640692
0.3836047571	-0.0048754296
0.3850930921	-0.0048965821
0.3852791585	-0.0048990581
0.3854652249	-0.0049015179
0.3858373141	-0.004906308
0.3865823432	-0.0049154998
0.3880706782	-0.0049322426
0.3882567446	-0.0049341845
0.388442811	-0.0049360455
0.3888149002	-0.0049397838
0.3895590786	-0.004946888
0.389745145	-0.0049485387
0.3899312114	-0.0049501893
0.3903033006	-0.0049534097
0.391047479	-0.0049594621
0.3912335454	-0.0049609185
0.3914204843	-0.0049622131
0.3917925517	-0.0049648995
0.3925367301	-0.0049699
0.3927227965	-0.0049710328
0.3929088629	-0.0049721656
0.3932809521	-0.0049743341
0.3940251305	-0.0049782988
0.3942077068	-0.0049792698
0.3943894106	-0.004980079
0.3947547159	-0.0049817296
0.3949372922	-0.0049825387
0.395118996	-0.0049833479
0.3954842795	-0.0049846425
0.3956668558	-0.0049852898
0.3958485595	-0.0049859371
0.396213843	-0.0049870699
0.3963964193	-0.0049875554
0.3965781231	-0.0049880409
0.3969434066	-0.0049890119
0.3971251104	-0.0049894974
0.3973076867	-0.004989821
0.397490263	-0.0049901447
0.3976728393	-0.0049904683
0.397854543	-0.004990792
0.3980371193	-0.0049909538
0.3982196956	-0.0049912775
0.3984022719	-0.0049914393
0.3985839757	-0.0049915898
0.398766552	-0.0049917387
0.3989491283	-0.0049918876
0.3991317046	-0.0049919636
0.3993134084	-0.0049920381
0.3994959847	-0.0049921125
0.399678561	-0.0049921125
0.3998602648	-0.0049921125
0.4000428411	-0.0049920381
0.4002254174	-0.0049919636
0.4004079937	-0.0049918876
0.4005896975	-0.0049917387
0.4007722738	-0.0049915898
0.4009548501	-0.0049914393
0.4011374264	-0.0049912775
0.4013191301	-0.0049911156
0.4015017064	-0.004990792
0.4016842827	-0.0049904683
0.401866859	-0.0049901447
0.4020485628	-0.004989821
0.4022311391	-0.0049894974
0.4024137154	-0.0049891737
0.4027781482	-0.0049882027
0.4029607245	-0.0049877172
0.4031433008	-0.0049872318
0.4035077554	-0.004986099
0.4036903317	-0.0049854517
0.403872908	-0.0049848043
0.4042373626	-0.0049835097
0.4044199389	-0.0049827006
0.4046025152	-0.0049820533
0.4049669479	-0.004980435
0.405696686	-0.0049770042
0.4058945315	-0.0049760333
0.4060923771	-0.0049750623
0.4064882644	-0.0049728938
0.4072800174	-0.0049682655
0.4074778629	-0.0049669709
0.407675054	-0.0049656763
0.4080709196	-0.0049630546
0.4088626725	-0.0049573745
0.409060518	-0.004955918
0.4092583636	-0.0049544616
0.4096542509	-0.0049513221
0.4104460039	-0.0049447519
0.4120286372	-0.0049301712
0.4122264827	-0.0049282292
0.4124243283	-0.0049262064
0.4128202156	-0.0049221769
0.4136119686	-0.0049137294
0.4151954526	-0.0048954914
0.4153932981	-0.0048930963
0.4155911437	-0.0048906366
0.415987031	-0.0048857008
0.4167779333	-0.004875538
0.4183614173	-0.0048537883
0.4185457387	-0.0048511667
0.4187309326	-0.0048485451
0.4191004696	-0.0048430915
0.419838693	-0.0048320224
0.4213160123	-0.0048088519
0.424271458	-0.0047584003
0.4244557794	-0.0047550343
0.4246401007	-0.0047516683
0.4250096378	-0.0047449362
0.4257487119	-0.0047311161
0.4272260094	-0.0047026376
0.4301806262	-0.0046418711
0.4303810893	-0.0046375342
0.4305806799	-0.0046331972
0.4309816497	-0.0046245232
0.431781888	-0.0046068839
0.4333832152	-0.0045706328
0.4365858915	-0.0044941706
0.4429903715	-0.0043268938
0.4431875626	-0.0043214402
0.4433838813	-0.0043160513
0.4437772165	-0.0043051441
0.4445630144	-0.0042831694
0.4461346103	-0.0042383981
0.4492786527	-0.0041462386
0.4555667595	-0.0039516823
0.4672968615	-0.003559801
0.4800174782	-0.0031061822
0.4918919835	-0.0026698305
0.5035328914	-0.0022414747
0.516164314	-0.0017868089
0.5279496252	-0.0013803534
0.5407254729	-0.0009665734
0.5526551873	-0.0006104949
0.5643513044	-0.0002930594
0.577037958	0.000013613
0.5888776276	0.0002634804
0.5890780907	0.0002673643
0.5892785539	0.0002713291
0.5896795237	0.0002790969
0.5904814634	0.0002946485
0.5920853646	0.0003251434
0.5952931233	0.0003841913
0.6017086626	0.0004948121
0.6019058537	0.0004980325
0.6021030449	0.0005012529
0.6024963801	0.0005076774
0.6032838795	0.000520381
0.6048588782	0.0005454206
0.6080080249	0.0005936292
0.6143063184	0.0006830231
0.6144897672	0.0006854829
0.614673216	0.0006879426
0.6150410517	0.0006928784
0.6157750433	0.0007025234
0.6172438555	0.0007215819
0.6201823305	0.0007581323
0.6203657794	0.0007603818
0.6205492282	0.0007626312
0.6209162131	0.0007670329
0.6216510336	0.0007757069
0.6231198458	0.0007928234
0.6260574702	0.0008255597
0.6262561882	0.0008277281
0.6264557788	0.0008298157
0.6268533676	0.0008340718
0.627650203	0.0008425192
0.6292430449	0.0008588882
0.632427878	0.0008901307
0.6326274686	0.0008919917
0.6328261866	0.0008938527
0.6332246043	0.000897591
0.6340206108	0.0009049218
0.6356134309	0.0009192759
0.6387991147	0.0009462575
0.6389851811	0.0009478758
0.639170375	0.0009493323
0.6395424642	0.0009523261
0.6402857919	0.0009582328
0.6417724473	0.0009697388
0.6447465869	0.000991414
0.6449326533	0.0009927087
0.6451187197	0.0009940033
0.6454899582	0.000996544
0.6462341365	0.0010016254
0.6477207919	0.001011416
0.6506949315	0.0010298029
0.6508766353	0.0010307739
0.6510592116	0.0010319067
0.6514236662	0.0010339943
0.6521525535	0.0010381856
0.6536103064	0.0010462608
0.6565250051	0.0010612137
0.6567075814	0.0010621847
0.6568892852	0.0010631557
0.6572537179	0.0010648711
0.6579826053	0.001068318
0.65944038	0.0010748882
0.6623559076	0.001086993
0.6625537531	0.0010878021
0.6627515987	0.0010886112
0.6631466353	0.0010900677
0.6639375375	0.0010929806
0.6655193202	0.0010985799
0.6657165113	0.0010992272
0.6659143568	0.0010998745
0.6663102224	0.0011011691
0.6671002739	0.0011037098
0.6686820783	0.0011085647
0.6688799238	0.0011090501
0.6690777694	0.0011096975
0.6694727842	0.0011108302
0.6702636864	0.0011129987
0.6718454909	0.0011171092
0.672042682	0.0011175947
0.6722405275	0.0011180801
0.6726355642	0.0011190511
0.6734264446	0.0011208474
0.675008249	0.0011242134
0.6751925704	0.0011245371
0.6753768917	0.0011248607
0.6757464288	0.0011255081
0.6764838015	0.0011269645
0.6766681228	0.0011272882
0.6768524442	0.0011276118
0.6772219812	0.0011282591
0.6779593539	0.0011293919
0.6781445478	0.0011297156
0.6783288691	0.0011300392
0.6786975555	0.0011306866
0.6794357789	0.0011316575
0.6809113968	0.0011335995
0.6810957181	0.0011337613
0.6812800395	0.0011339102
0.6816487258	0.0011343957
0.6823869492	0.0011352048
0.6825712706	0.0011353553
0.6827555919	0.0011355042
0.683125129	0.0011358278
0.6838625235	0.0011364752
0.6840468448	0.001136624
0.6842320387	0.0011367729
0.684600725	0.0011369347
0.6847850464	0.0011370836
0.6849693678	0.0011372341
0.6853380541	0.001137396
0.685523248	0.0011375465
0.6857075693	0.0011376209
0.6860762557	0.0011377827
0.686260577	0.0011378588
0.6864448984	0.0011380077
0.6868144573	0.0011381565
0.6870199374	0.0011382326
0.6872256357	0.001138307
0.6874319883	0.0011384559
0.6876374685	0.0011385304
0.6878438211	0.0011386064
0.6880495194	0.0011386064
0.6882558721	0.0011386809
0.6884613522	0.0011387553
0.6886668323	0.0011388297
0.688873185	0.0011388297
0.6890786652	0.0011389042
0.6892850178	0.0011389042
0.689490498	0.0011389786
0.6896959781	0.0011389786
0.6899023308	0.0011389786
0.6901078109	0.0011390547
0.6903141636	0.0011390547
0.6905196437	0.0011390547
0.6907251239	0.0011390547
0.6909314765	0.0011390547
0.6911369567	0.0011390547
0.6913433093	0.0011390547
0.6915487895	0.0011389786
0.6917542696	0.0011389786
0.6919606223	0.0011389786
0.6921661024	0.0011389042
0.6923724551	0.0011389042
0.6925779352	0.0011388297
0.6927834154	0.0011388297
0.692989768	0.0011387553
0.6931952482	0.0011386809
0.6934016008	0.0011386064
0.693607081	0.0011386064
0.6938134336	0.0011385304
0.694224612	0.0011383815
0.6944309647	0.0011382326
0.694636663	0.0011381565
0.6950486703	0.0011380077
0.6952541504	0.0011378588
0.6954605031	0.0011377827
0.6958725104	0.0011376209
0.6966956961	0.0011371354
0.6969020488	0.0011369849
0.6971075289	0.001136836
0.6975195362	0.0011365124
0.698342722	0.0011358651
0.6985490746	0.0011357032
0.6987545548	0.0011355543
0.6991665839	0.0011352307
0.699372064	0.0011350689
0.6995784167	0.00113492
0.6997838968	0.0011347582
0.6999902495	0.0011345963
