0.1	0.0205295874
0.1001843214	0.0204705395
0.1003677702	0.0204115677
0.1007356058	0.0202942197
0.1014721496	0.0200615432
0.1029443428	0.0196038885
0.1058887729	0.0187194477
0.1117767604	0.0170674658
0.111976351	0.0170141742
0.1121759416	0.016960957
0.11257521	0.0168551198
0.1133728961	0.0166454634
0.1149691409	0.0162343747
0.1181607579	0.0154447085
0.1183603485	0.0153967977
0.1185599391	0.0153490373
0.1189592293	0.0152540378
0.1197569154	0.0150660582
0.1213531602	0.0146977973
0.1245447771	0.0139934129
0.1247308436	0.0139536502
0.1249177825	0.0139140363
0.1252898717	0.0138352567
0.126034879	0.0136793418
0.1275249372	0.0133747619
0.1305058825	0.012793854
0.1306919489	0.0127587988
0.1308780153	0.0127238196
0.1312509552	0.0126544568
0.1319959625	0.0125174532
0.1334860207	0.012250618
0.1364669661	0.0117457256
0.1366495424	0.0117159768
0.1368312461	0.0116864545
0.1371965514	0.0116277804
0.1379271184	0.0115121526
0.139388296	0.0112878459
0.1423106293	0.0108662934
0.1424932056	0.0108411049
0.1426757819	0.0108161396
0.1430410653	0.0107665102
0.1437708034	0.0106690444
0.145231981	0.0104808399
0.1481542925	0.0101309659
0.1483523561	0.0101084685
0.1485502016	0.0100861945
0.1489469179	0.0100420963
0.1497386709	0.0099556915
0.1513238563	0.0097903598
0.1515217019	0.0097703287
0.1517195474	0.0097505209
0.1521162855	0.0097112808
0.1529080384	0.0096346682
0.1544932239	0.0094886199
0.1546910694	0.0094709807
0.1548889149	0.0094535647
0.155285653	0.0094190338
0.1560782349	0.0093517635
0.1576625914	0.0092239533
0.1608321335	0.0089939664
0.1610173274	0.0089815542
0.1612016487	0.0089692229
0.1615720365	0.0089449325
0.1623111106	0.0088976932
0.1637901095	0.0088080761
0.1639753034	0.0087973145
0.1641604973	0.0087866986
0.1645300343	0.0087656949
0.1652691085	0.0087248851
0.1667481074	0.0086477497
0.1669333013	0.008638477
0.1671184951	0.0086293499
0.1674880322	0.0086113368
0.1682271063	0.0085763576
0.1697069559	0.0085103576
0.1726649538	0.0083930857
0.1728645444	0.0083857549
0.1730650075	0.0083785859
0.1734659773	0.0083643774
0.1742670663	0.0083370219
0.175870095	0.0082855978
0.1760705581	0.0082794645
0.1762710212	0.0082734769
0.176671991	0.0082615178
0.17747308	0.0082384961
0.1790761087	0.0081951456
0.1792765718	0.0081899833
0.1794770349	0.008184821
0.179877154	0.0081747229
0.1806791155	0.0081551401
0.1822821442	0.0081179924
0.1854873508	0.0080507237
0.1856845419	0.0080469046
0.1858808605	0.0080430207
0.1862741739	0.0080353986
0.1870616733	0.008020381
0.1886349706	0.0079911548
0.1917824377	0.0079348742
0.1919787563	0.0079313625
0.1921759474	0.0079278509
0.1925692827	0.0079208923
0.1933559313	0.0079069912
0.1949300793	0.0078788882
0.1980766739	0.0078208873
0.1982601227	0.0078173757
0.1984435716	0.007813864
0.1988105783	0.0078067598
0.1995445481	0.0077923409
0.2010125096	0.0077625936
0.2039484325	0.0076985372
0.2041318813	0.0076943459
0.2043153301	0.0076900898
0.2046823369	0.0076814967
0.2054163067	0.0076639319
0.2068842681	0.0076272325
0.2098201911	0.0075473315
0.2100189091	0.0075415704
0.2102176272	0.0075358093
0.2106160449	0.0075239959
0.2114112007	0.0074999288
0.2130031918	0.0074494756
0.2161863235	0.0073389309
0.2163859141	0.0073316
0.2165846322	0.0073242045
0.2169821991	0.0073091869
0.2177782056	0.0072786175
0.2193701968	0.007214786
0.2225533067	0.0070761366
0.2227393731	0.0070675435
0.222924567	0.0070589504
0.2232966562	0.0070416105
0.2240391331	0.007006332
0.2255249378	0.0069333071
0.2284973978	0.0067773177
0.2286825916	0.0067671549
0.2288686581	0.0067569112
0.2292398965	0.0067362813
0.2299832024	0.0066944245
0.231469007	0.0066081701
0.2344406163	0.0064259468
0.2346231926	0.0064143599
0.2348048964	0.0064026921
0.235169351	0.0063792982
0.2358973876	0.0063318357
0.2373542898	0.0062347437
0.2402681378	0.0060316656
0.2460949394	0.0055910529
0.2462921305	0.0055753556
0.246489976	0.0055595935
0.2468849909	0.0055279772
0.2476750424	0.0054641457
0.2492559961	0.0053342414
0.252417031	0.0050659126
0.2587391227	0.004498684
0.2705371728	0.003355705
0.2833257593	0.0020487391
0.2958815774	0.0007635245
0.3075904334	-0.0003842382
0.3202898259	-0.001526544
0.3204750198	-0.0015422413
0.3206602136	-0.0015578578
0.3210306014	-0.0015890259
0.321771377	-0.0016510627
0.323252928	-0.0017736426
0.3262160302	-0.0020124475
0.3321430851	-0.0024642732
0.3323435483	-0.0024789187
0.3325448839	-0.0024935641
0.3329458537	-0.0025227142
0.3337486441	-0.0025804156
0.3353542249	-0.002693951
0.3385654083	-0.002912652
0.3387658715	-0.0029259543
0.3389663346	-0.0029392565
0.3393681551	-0.002965641
0.3401709455	-0.0030178872
0.3417765263	-0.0031202111
0.3449868372	-0.0033164131
0.3451840283	-0.0033280647
0.3453812195	-0.0033396516
0.3457754054	-0.0033627478
0.3465637555	-0.0034084901
0.3481396049	-0.0034977334
0.3512921545	-0.0036679248
0.3514893456	-0.0036782333
0.3516865368	-0.0036883961
0.3520807227	-0.0037087265
0.352869051	-0.0037487903
0.3544449004	-0.0038268967
0.3575983007	-0.0039745907
0.3577817496	-0.0039828116
0.3579651984	-0.0039910325
0.358333034	-0.0040074014
0.3590687053	-0.0040396149
0.3605392189	-0.004102176
0.3634802242	-0.0042201212
0.3636636731	-0.0042271445
0.3638471219	-0.0042341679
0.3642149575	-0.0042480689
0.3649506288	-0.0042754243
0.3664211424	-0.0043282677
0.3693621696	-0.004426855
0.3695608876	-0.0044332148
0.3697604782	-0.0044394938
0.3701588959	-0.0044519707
0.3709557313	-0.0044763372
0.3725502746	-0.0045230521
0.3727498652	-0.0045287323
0.3729485833	-0.0045342668
0.3733478735	-0.0045454006
0.3741447089	-0.0045670014
0.3757392522	-0.004608185
0.3759379703	-0.0046131855
0.3761375609	-0.0046181213
0.3765359786	-0.0046278309
0.3773328358	-0.0046467406
0.3789273573	-0.0046825434
0.382116444	-0.0047462244
0.3823025104	-0.0047496551
0.3824885768	-0.0047530212
0.382860666	-0.0047596076
0.3836048444	-0.004772392
0.3850931794	-0.0047963846
0.3852792458	-0.0047991519
0.3854653122	-0.0048020001
0.3858374014	-0.0048074537
0.3865824305	-0.0048180696
0.3880707654	-0.004837578
0.3882568319	-0.0048398921
0.3884428983	-0.0048421415
0.3888149875	-0.0048465433
0.3895591658	-0.0048549098
0.3897452323	-0.0048569326
0.3899312987	-0.0048589555
0.3903033879	-0.0048628393
0.3910475663	-0.0048701702
0.3912336327	-0.0048718855
0.3914205716	-0.0048736009
0.391792639	-0.0048769669
0.3925368174	-0.0048832459
0.3927228838	-0.0048847023
0.3929089502	-0.0048861588
0.3932810394	-0.004888926
0.3940252178	-0.004894234
0.3942077941	-0.0048953668
0.3943894979	-0.0048964996
0.3947548032	-0.004898749
0.3949373795	-0.00489972
0.3951190832	-0.0049008528
0.3954843667	-0.0049028756
0.395666943	-0.0049038466
0.3958486468	-0.0049048176
0.3962139303	-0.0049066139
0.3969436683	-0.0049097533
0.3971253721	-0.0049105625
0.3973079484	-0.0049112098
0.3976732537	-0.0049125044
0.3978549575	-0.0049131517
0.3980375338	-0.004913799
0.3984028173	-0.00491477
0.398584521	-0.0049152555
0.3987670974	-0.004915741
0.3989496737	-0.0049162264
0.39913225	-0.0049165501
0.3993139537	-0.0049168738
0.39949653	-0.0049171974
0.3996791063	-0.0049175211
0.3998608101	-0.0049178447
0.4000433864	-0.0049180065
0.4002259627	-0.0049181684
0.400408539	-0.0049183302
0.4005902428	-0.0049184791
0.4007728191	-0.004918628
0.4009553954	-0.0049187024
0.4011379717	-0.0049187785
0.4013196755	-0.0049188529
0.4015022518	-0.0049188529
0.4016848281	-0.0049188529
0.4018674044	-0.0049188529
0.4020491082	-0.0049187785
0.4022316845	-0.0049187024
0.4024142608	-0.0049185535
0.4025959645	-0.0049184046
0.4027785408	-0.0049182541
0.4029611171	-0.0049180923
0.4031436934	-0.0049179305
0.4033253972	-0.0049177687
0.4035079735	-0.004917445
0.4036905498	-0.0049171213
0.4038731261	-0.0049167977
0.4042375807	-0.0049159886
0.404420157	-0.0049155031
0.4046027333	-0.0049150176
0.4049671661	-0.0049140466
0.4051497424	-0.0049135611
0.4053314462	-0.0049129138
0.4056967296	-0.004911781
0.4058945752	-0.0049111337
0.4060924207	-0.0049103246
0.4064883081	-0.0049087063
0.4066861536	-0.0049078971
0.4068839991	-0.0049069262
0.4072798865	-0.0049051299
0.407477732	-0.0049041589
0.4076749231	-0.0049031879
0.4080707887	-0.0049011651
0.4088625416	-0.0048966825
0.4090603872	-0.0048953878
0.4092582327	-0.004894255
0.4096541201	-0.0048917143
0.410445873	-0.0048862607
0.4120285063	-0.0048738485
0.4122263519	-0.0048721979
0.4124241974	-0.0048704825
0.4128200848	-0.0048669708
0.4136118377	-0.00485964
0.4151953217	-0.0048434896
0.4153931673	-0.004841402
0.4155910128	-0.0048392335
0.4159869002	-0.0048348318
0.4167778024	-0.0048256399
0.4183612864	-0.004805981
0.4185456078	-0.004803586
0.4187308017	-0.0048011909
0.4191003387	-0.0047962552
0.4198385621	-0.0047860924
0.4213158814	-0.0047647893
0.4242713271	-0.0047179255
0.4244556485	-0.004714786
0.4246399699	-0.0047116466
0.4250095069	-0.0047052867
0.425748581	-0.0046924376
0.4272258785	-0.0046656049
0.4301804953	-0.0046081267
0.4303809584	-0.0046040163
0.430580549	-0.0045999059
0.4309815189	-0.004591685
0.4317817571	-0.0045749423
0.4333830843	-0.004540337
0.4365857606	-0.0044671631
0.4429902406	-0.0043060163
0.4431874318	-0.0043007893
0.4433837504	-0.0042955622
0.4437770856	-0.0042850272
0.4445628835	-0.0042637258
0.4461344794	-0.0042203736
0.4492785219	-0.0041308309
0.4555666286	-0.0039412816
0.4672967306	-0.0035573995
0.4800173473	-0.0031108057
0.4918918526	-0.0026796858
0.5035327606	-0.0022552916
0.5161641831	-0.0018039902
0.5279494943	-0.0014000753
0.540725342	-0.0009886128
0.5526550564	-0.0006347773
0.5643511736	-0.0003198824
0.5770378271	-1.68721991599104E-005
0.5888774968	0.000228511
0.5890779599	0.0002323949
0.589278423	0.000236214
0.5896793928	0.0002438361
0.5904813325	0.0002589347
0.5920852337	0.000288758
0.5952929924	0.0003462361
0.6017085317	0.0004532692
0.6019057229	0.0004564087
0.602102914	0.0004595482
0.6024962492	0.0004656814
0.6032837486	0.0004779318
0.6048587473	0.0005020005
0.608007894	0.0005481167
0.6082042126	0.0005509649
0.6084014038	0.0005537321
0.6087955897	0.0005592666
0.6095822384	0.0005702548
0.6111572371	0.0005917811
0.6143063838	0.0006329648
0.6144898327	0.0006352789
0.6146732815	0.0006375931
0.6150411171	0.0006422213
0.6157751087	0.0006513323
0.6172439209	0.0006691965
0.620182396	0.0007032791
0.6203658448	0.0007053019
0.6205492936	0.0007073895
0.6209162785	0.000711419
0.6216510991	0.0007194943
0.6231199113	0.0007352563
0.6260575356	0.0007651541
0.6262562537	0.000767096
0.6264558442	0.0007691189
0.626853433	0.000772938
0.6276502684	0.0007805601
0.6292431103	0.0007953674
0.6324279434	0.0008231711
0.632627534	0.0008248217
0.6328262521	0.0008264724
0.6332246698	0.0008297575
0.6340206763	0.000836182
0.6356134964	0.000848659
0.6387991802	0.000871904
0.6389852466	0.0008731986
0.6391704405	0.0008744932
0.6395425297	0.0008770339
0.6402858573	0.0008820344
0.6417725127	0.0008915985
0.6447466523	0.0009093122
0.6449327187	0.0009102831
0.6451187851	0.0009112541
0.6454900236	0.0009133417
0.646234202	0.0009173712
0.6477208573	0.0009250742
0.6506949969	0.0009390562
0.6508767007	0.0009398653
0.651059277	0.0009406745
0.6514237316	0.0009421309
0.652152619	0.0009451895
0.6536103718	0.0009510153
0.6537920756	0.0009516626
0.6539746519	0.0009523099
0.6543390847	0.0009536045
0.6550671213	0.0009562261
0.656524896	0.0009611619
0.6567074723	0.0009618092
0.6568891761	0.0009624565
0.6572536089	0.0009635893
0.6579824962	0.0009658387
0.6594402709	0.0009699492
0.6596228472	0.0009704347
0.659804551	0.0009709201
0.6601690056	0.0009718911
0.6608978711	0.0009736874
0.6623556458	0.0009769725
0.6625534914	0.000977458
0.6627513369	0.0009777816
0.6631463736	0.0009785908
0.6639372758	0.0009800472
0.6641351213	0.0009803709
0.6643323124	0.0009806946
0.664728178	0.0009813419
0.6655190802	0.0009826365
0.6657162713	0.0009829601
0.6659141169	0.0009832838
0.6663099824	0.0009837693
0.6665071736	0.0009840929
0.6667050191	0.0009844166
0.6671000557	0.0009849021
0.6672979013	0.0009852257
0.6674957468	0.0009853876
0.6678907835	0.0009858731
0.6686816857	0.0009866822
0.6688795312	0.0009868311
0.6690773767	0.0009869929
0.6694723916	0.0009873166
0.6696702371	0.0009874671
0.6698674282	0.0009876159
0.6702632938	0.0009879396
0.6704611393	0.0009880885
0.6706583304	0.000988239
0.670856176	0.0009883134
0.6710540215	0.0009884623
0.6712512126	0.0009885367
0.6714490582	0.0009886112
0.6718449455	0.000988773
0.6720421367	0.0009888475
0.6722399822	0.0009889219
0.6724378277	0.0009889219
0.6726350188	0.000988998
0.6728328644	0.0009890724
0.6730307099	0.0009890724
0.6732285554	0.0009891468
0.6734257466	0.0009891468
0.6736238102	0.0009892213
0.6738216557	0.0009892213
0.6740188469	0.0009892213
0.6742166924	0.0009892213
0.6744145379	0.0009892213
0.6746126016	0.0009892213
0.6748097927	0.0009892213
0.6750076382	0.0009891468
0.6751919596	0.0009891468
0.675376281	0.0009891468
0.6755606023	0.0009890724
0.6757457962	0.000988998
0.6759301176	0.000988998
0.6761144389	0.0009889219
0.6762987603	0.0009888475
0.6764830816	0.000988773
0.676667403	0.0009886986
0.6768517243	0.0009886241
0.6772212614	0.0009884736
0.6774055827	0.0009883247
0.6775899041	0.0009882503
0.6779585904	0.0009880885
0.6781437843	0.000988014
0.6783281057	0.0009878652
0.678696792	0.0009875415
0.6788811134	0.000987391
0.6790654347	0.0009872421
0.6794349718	0.0009869185
0.6796192931	0.0009867696
0.6798036145	0.0009866207
0.6801723227	0.000986297
0.680910546	0.0009854879
0.6810948674	0.0009853261
0.6812791888	0.0009851642
0.6816478751	0.0009846788
0.6823860985	0.0009837078
0.6825704198	0.000983546
0.6827547412	0.0009833841
0.6831242783	0.0009827368
0.6838616727	0.000981604
0.6840459941	0.0009812804
0.684231188	0.0009809567
0.6845998743	0.0009803094
0.685337247	0.0009790148
0.6868137156	0.0009761666
0.6870191957	0.0009756811
0.687224894	0.0009751956
0.6876369013	0.0009743865
0.6884609378	0.0009725093
0.6901081381	0.0009685445
0.6903144908	0.000968059
0.6905199709	0.0009675735
0.6909319782	0.0009664407
0.6917551639	0.0009642075
0.693403215	0.0009594983
0.6936086951	0.000958851
0.6938150478	0.0009582037
0.6942262262	0.0009569091
0.6950502408	0.0009542227
0.696697463	0.0009486882
0.6969038157	0.0009480409
0.6971092958	0.0009472317
0.6975213031	0.0009457753
0.6983444888	0.0009427815
0.6985508415	0.0009419723
0.6987563216	0.0009411632
0.6991683508	0.0009395449
0.6993738309	0.0009387358
0.6995801836	0.0009379266
0.6997856637	0.0009371175
0.6999920164	0.0009363083
