0.001 -301000
0.002 -74500
0.003 -32133.3
0.004 -17775
0.005 -11220
0.006 -7733.33
0.007 -5628.57
0.008 -4287.5
0.009 -3377.78
0.010 -2720
0.011 -2245.45
0.012 -1883.33
0.013 -1600
0.014 -1378.57
0.015 -1200
0.016 -1056.25
0.017 -935.294
0.018 -833.333
0.019 -747.368
0.020 -675
0.021 -609.524
0.022 -554.545
0.023 -508.696
0.024 -466.667
0.025 -432
0.026 -396.154
0.027 -368.519
0.028 -343.214
0.029 -320
0.030 -298.667
0.031 -279.677
0.032 -262.5
0.033 -246.97
0.034 -232.647
0.035 -219.714
0.036 -207.5
0.037 -196.216
0.038 -186.316
0.039 -176.923
0.040 -168.25
0.041 -160.244
0.042 -152.619
0.043 -145.581
0.044 -138.864
0.045 -132.889
0.046 -127.174
0.047 -121.915
0.048 -116.875
0.049 -112.041
0.050 -107.6
0.051 -103.529
0.052 -99.4231
0.053 -95.8491
0.054 -92.4074
0.055 -89.0909
0.056 -85.8929
0.057 -82.807
0.058 -80
0.059 -77.2881
0.060 -74.6667
0.061 -72.2951
0.062 -70
0.063 -67.7778
0.064 -65.625
0.065 -63.6923
0.066 -61.8182
0.067 -59.8507
0.068 -58.0882
0.069 -56.3768
0.070 -54.8571
0.071 -53.2394
0.072 -51.8056
0.073 -50.411
0.074 -49.0541
0.075 -47.7333
0.076 -46.4474
0.077 -45.3247
0.078 -44.1026
0.079 -42.9114
0.080 -41.875
0.081 -40.8642
0.082 -39.878
0.083 -38.9157
0.084 -37.9762
0.085 -37.0588
0.086 -36.1628
0.087 -35.4023
0.088 -34.5455
0.089 -33.7079
0.090 -33
0.091 -32.1978
0.092 -31.5217
0.093 -30.8602
0.094 -30.2128
0.095 -29.5789
0.096 -28.9583
0.097 -28.3505
0.098 -27.7551
0.099 -27.1717
0.100 -26.6
0.101 -26.0396
0.102 -25.5882
0.103 -25.0485
0.104 -24.5192
0.105 -24.0952
0.106 -23.5849
0.107 -23.1776
0.108 -22.6852
0.109 -22.2936
0.110 -21.9091
0.111 -21.4414
0.112 -21.0714
0.113 -20.708
0.114 -20.3509
0.115 -19.913
0.116 -19.569
0.117 -19.2308
0.118 -18.8983
0.119 -18.5714
0.120 -18.25
0.121 -17.9339
0.122 -17.623
0.123 -17.3171
0.124 -17.0968
0.125 -16.8
0.126 -16.5079
0.127 -16.2205
0.128 -15.9375
0.129 -15.7364
0.130 -15.4615
0.131 -15.1908
0.132 -15
0.133 -14.7368
0.134 -14.4776
0.135 -14.2963
0.136 -14.0441
0.137 -13.8686
0.138 -13.6232
0.139 -13.4532
0.140 -13.2143
0.141 -13.0496
0.142 -12.8169
0.143 -12.6573
0.144 -12.4306
0.145 -12.2759
0.146 -12.0548
0.147 -11.9048
0.148 -11.7568
0.149 -11.5436
0.150 -11.4
0.151 -11.2583
0.152 -11.1184
0.153 -10.915
0.154 -10.7792
0.155 -10.6452
0.156 -10.5128
0.157 -10.3185
0.158 -10.1899
0.159 -10.0629
0.160 -9.9375
0.161 -9.81366
0.162 -9.62963
0.163 -9.5092
0.164 -9.39024
0.165 -9.27273
0.166 -9.15663
0.167 -9.04192
0.168 -8.92857
0.169 -8.81657
0.170 -8.70588
0.171 -8.59649
0.172 -8.48837
0.173 -8.3815
0.174 -8.27586
0.175 -8.17143
0.176 -8.06818
0.177 -7.9661
0.178 -7.86517
0.179 -7.76536
0.180 -7.66667
0.181 -7.56906
0.182 -7.47253
0.183 -7.37705
0.184 -7.28261
0.185 -7.18919
0.186 -7.09677
0.187 -7.00535
0.188 -6.96809
0.189 -6.87831
0.190 -6.78947
0.191 -6.70157
0.192 -6.61458
0.193 -6.5285
0.194 -6.49485
0.195 -6.41026
0.196 -6.32653
0.197 -6.24365
0.198 -6.16162
0.199 -6.13065
0.200 -6.05
0.201 -5.97015
0.202 -5.89109
0.203 -5.81281
0.204 -5.78431
0.205 -5.70732
0.206 -5.63107
0.207 -5.55556
0.208 -5.52885
0.209 -5.45455
0.210 -5.38095
0.211 -5.35545
0.212 -5.28302
0.213 -5.21127
0.214 -5.14019
0.215 -5.11628
0.216 -5.0463
0.217 -4.97696
0.218 -4.95413
0.219 -4.88584
0.220 -4.81818
0.221 -4.79638
0.222 -4.72973
0.223 -4.66368
0.224 -4.64286
0.225 -4.57778
0.226 -4.55752
0.227 -4.49339
0.228 -4.42982
0.229 -4.41048
0.230 -4.34783
0.231 -4.30303
0.232 -4.25862
0.233 -4.21459
0.234 -4.17094
0.235 -4.13191
0.236 -4.08898
0.237 -4.04641
0.238 -4.0042
0.239 -3.96234
0.240 -3.925
0.241 -3.88382
0.242 -3.84298
0.243 -3.80658
0.244 -3.76639
0.245 -3.73061
0.246 -3.69106
0.247 -3.65587
0.248 -3.62097
0.249 -3.58233
0.250 -3.548
0.251 -3.51394
0.252 -3.48016
0.253 -3.44269
0.254 -3.40945
0.255 -3.37647
0.256 -3.34375
0.257 -3.31128
0.258 -3.27907
0.259 -3.2471
0.260 -3.21538
0.261 -3.18391
0.262 -3.15267
0.263 -3.12167
0.264 -3.09091
0.265 -3.06415
0.266 -3.03383
0.267 -3.00375
0.268 -2.97761
0.269 -2.94796
0.270 -2.91852
0.271 -2.89299
0.272 -2.86397
0.273 -2.83516
0.274 -2.81022
0.275 -2.78182
0.276 -2.75725
0.277 -2.73285
0.278 -2.70504
0.279 -2.681
0.280 -2.65357
0.281 -2.62989
0.282 -2.60638
0.283 -2.58304
0.284 -2.55634
0.285 -2.53333
0.286 -2.51049
0.287 -2.4878
0.288 -2.46528
0.289 -2.44291
0.290 -2.41724
0.291 -2.39519
0.292 -2.37329
0.293 -2.35154
0.294 -2.32993
0.295 -2.30847
0.296 -2.28716
0.297 -2.26599
0.298 -2.24832
0.299 -2.22742
0.300 -2.20667
0.301 -2.18605
0.302 -2.16556
0.303 -2.14521
0.304 -2.12829
0.305 -2.1082
0.306 -2.08824
0.307 -2.0684
0.308 -2.05195
0.309 -2.03236
0.310 -2.01613
0.311 -1.99678
0.312 -1.97756
0.313 -1.96166
0.314 -1.94268
0.315 -1.92698
0.316 -1.90823
0.317 -1.89274
0.318 -1.87421
0.319 -1.85893
0.320 -1.84062
0.321 -1.82555
0.322 -1.80745
0.323 -1.79257
0.324 -1.77778
0.325 -1.76
0.326 -1.7454
0.327 -1.73089
0.328 -1.71341
0.329 -1.69909
0.330 -1.68485
0.331 -1.67069
0.332 -1.65663
0.333 -1.63964
0.334 -1.62575
0.335 -1.61194
0.336 -1.59821
0.337 -1.58457
0.338 -1.57101
0.339 -1.55457
0.340 -1.54118
0.341 -1.52786
0.342 -1.51462
0.343 -1.50146
0.344 -1.48837
0.345 -1.47536
0.346 -1.46243
0.347 -1.44957
0.348 -1.43678
0.349 -1.42407
0.350 -1.41429
0.351 -1.40171
0.352 -1.3892
0.353 -1.37677
0.354 -1.36441
0.355 -1.35211
0.356 -1.33989
0.357 -1.33053
0.358 -1.31844
0.359 -1.30641
0.360 -1.29444
0.361 -1.28255
0.362 -1.27348
0.363 -1.26171
0.364 -1.25
0.365 -1.2411
0.366 -1.22951
0.367 -1.21798
0.368 -1.20924
0.369 -1.19783
0.370 -1.18649
0.371 -1.1779
0.372 -1.16667
0.373 -1.1555
0.374 -1.14706
0.375 -1.136
0.376 -1.12766
0.377 -1.11671
0.378 -1.10847
0.379 -1.09763
0.380 -1.08947
0.381 -1.07874
0.382 -1.07068
0.383 -1.06005
0.384 -1.05208
0.385 -1.04156
0.386 -1.03368
0.387 -1.02584
0.388 -1.01546
0.389 -1.00771
0.390 -0.997436
0.391 -0.98977
0.392 -0.982143
0.393 -0.97201
0.394 -0.964467
0.395 -0.956962
0.396 -0.94697
0.397 -0.939547
0.398 -0.932161
0.399 -0.924812
0.400 -0.915
0.401 -0.907731
0.402 -0.900498
0.403 -0.8933
0.404 -0.883663
0.405 -0.876543
0.406 -0.869458
0.407 -0.862408
0.408 -0.855392
0.409 -0.848411
0.410 -0.839024
0.411 -0.832117
0.412 -0.825243
0.413 -0.818402
0.414 -0.811594
0.415 -0.804819
0.416 -0.798077
0.417 -0.791367
0.418 -0.784689
0.419 -0.778043
0.420 -0.771429
0.421 -0.764846
0.422 -0.758294
0.423 -0.751773
0.424 -0.745283
0.425 -0.738824
0.426 -0.732394
0.427 -0.725995
0.428 -0.719626
0.429 -0.713287
0.430 -0.706977
0.431 -0.700696
0.432 -0.694444
0.433 -0.688222
0.434 -0.682028
0.435 -0.675862
0.436 -0.669725
0.437 -0.665904
0.438 -0.659817
0.439 -0.653759
0.440 -0.647727
0.441 -0.641723
0.442 -0.635747
0.443 -0.629797
0.444 -0.626126
0.445 -0.620225
0.446 -0.61435
0.447 -0.608501
0.448 -0.604911
0.449 -0.599109
0.450 -0.593333
0.451 -0.587583
0.452 -0.584071
0.453 -0.578366
0.454 -0.572687
0.455 -0.567033
0.456 -0.563596
0.457 -0.557987
0.458 -0.552402
0.459 -0.54902
0.460 -0.543478
0.461 -0.537961
0.462 -0.534632
0.463 -0.529158
0.464 -0.523707
0.465 -0.52043
0.466 -0.515021
0.467 -0.511777
0.468 -0.50641
0.469 -0.501066
0.470 -0.497872
0.471 -0.492569
0.472 -0.489407
0.473 -0.484144
0.474 -0.481013
0.475 -0.475789
0.476 -0.472689
0.477 -0.467505
0.478 -0.462343
0.479 -0.45929
0.480 -0.454167
0.481 -0.451143
0.482 -0.446058
0.483 -0.443064
0.484 -0.440083
0.485 -0.435052
0.486 -0.432099
0.487 -0.427105
0.488 -0.42418
0.489 -0.419223
0.490 -0.416327
0.491 -0.411405
0.492 -0.408537
0.493 -0.40568
0.494 -0.40081
0.495 -0.39798
0.496 -0.393145
0.497 -0.390342
0.498 -0.38755
0.499 -0.382766
0.500 -0.38
0.501 -0.377246
0.502 -0.37251
0.503 -0.369781
0.504 -0.367063
0.505 -0.362376
0.506 -0.359684
0.507 -0.357002
0.508 -0.352362
0.509 -0.349705
0.510 -0.347059
0.511 -0.344423
0.512 -0.339844
0.513 -0.337232
0.514 -0.33463
0.515 -0.332039
0.516 -0.327519
0.517 -0.324952
0.518 -0.322394
0.519 -0.319846
0.520 -0.315385
0.521 -0.31286
0.522 -0.310345
0.523 -0.307839
0.524 -0.305344
0.525 -0.300952
0.526 -0.298479
0.527 -0.296015
0.528 -0.293561
0.529 -0.291115
0.530 -0.288679
0.531 -0.286252
0.532 -0.281955
0.533 -0.27955
0.534 -0.277154
0.535 -0.274766
0.536 -0.272388
0.537 -0.270019
0.538 -0.267658
0.539 -0.265306
0.540 -0.262963
0.541 -0.25878
0.542 -0.256458
0.543 -0.254144
0.544 -0.251838
0.545 -0.249541
0.546 -0.247253
0.547 -0.244973
0.548 -0.242701
0.549 -0.240437
0.550 -0.238182
0.551 -0.235935
0.552 -0.233696
0.553 -0.231465
0.554 -0.229242
0.555 -0.227027
0.556 -0.22482
0.557 -0.222621
0.558 -0.22043
0.559 -0.218247
0.560 -0.216071
0.561 -0.213904
0.562 -0.211744
0.563 -0.209591
0.564 -0.207447
0.565 -0.20531
0.566 -0.20318
0.567 -0.201058
0.568 -0.198944
0.569 -0.198594
0.570 -0.196491
0.571 -0.194396
0.572 -0.192308
0.573 -0.190227
0.574 -0.188153
0.575 -0.186087
0.576 -0.184028
0.577 -0.181976
0.578 -0.181661
0.579 -0.17962
0.580 -0.177586
0.581 -0.175559
0.582 -0.17354
0.583 -0.171527
0.584 -0.170205
0.585 -0.168376
0.586 -0.166724
0.587 -0.165077
0.588 -0.163435
0.589 -0.1618
0.590 -0.16
0.591 -0.158376
0.592 -0.156757
0.593 -0.155143
0.594 -0.153535
0.595 -0.152101
0.596 -0.150503
0.597 -0.148911
0.598 -0.147324
0.599 -0.14591
0.600 -0.144333
0.601 -0.142762
0.602 -0.141362
0.603 -0.139801
0.604 -0.138411
0.605 -0.137025
0.606 -0.135479
0.607 -0.134102
0.608 -0.13273
0.609 -0.131363
0.610 -0.129836
0.611 -0.128478
0.612 -0.127124
0.613 -0.125775
0.614 -0.12443
0.615 -0.123089
0.616 -0.121753
0.617 -0.120583
0.618 -0.119256
0.619 -0.117932
0.620 -0.116613
0.621 -0.115459
0.622 -0.114148
0.623 -0.113002
0.624 -0.111699
0.625 -0.11056
0.626 -0.109265
0.627 -0.108134
0.628 -0.107006
0.629 -0.105723
0.630 -0.104603
0.631 -0.103487
0.632 -0.102373
0.633 -0.101106
0.634 -0.1
0.635 -0.0988976
0.636 -0.0977987
0.637 -0.0967033
0.638 -0.0956113
0.639 -0.0945227
0.640 -0.0935938
0.641 -0.0925117
0.642 -0.091433
0.643 -0.0903577
0.644 -0.089441
0.645 -0.0883721
0.646 -0.0873065
0.647 -0.0863988
0.648 -0.0853395
0.649 -0.0844376
0.650 -0.0833846
0.651 -0.0824885
0.652 -0.0815951
0.653 -0.0805513
0.654 -0.0796636
0.655 -0.0787786
0.656 -0.0778963
0.657 -0.0768645
0.658 -0.0759878
0.659 -0.0751138
0.660 -0.0742424
0.661 -0.0733737
0.662 -0.0725076
0.663 -0.071644
0.664 -0.0707831
0.665 -0.0699248
0.666 -0.0690691
0.667 -0.0683658
0.668 -0.067515
0.669 -0.0666667
0.670 -0.0658209
0.671 -0.0651267
0.672 -0.0642857
0.673 -0.0634473
0.674 -0.0627596
0.675 -0.0619259
0.676 -0.0612426
0.677 -0.0604136
0.678 -0.0597345
0.679 -0.0590574
0.680 -0.0582353
0.681 -0.0575624
0.682 -0.0568915
0.683 -0.0560761
0.684 -0.0554094
0.685 -0.0547445
0.686 -0.0540816
0.687 -0.0534207
0.688 -0.0527616
0.689 -0.0521045
0.690 -0.0514493
0.691 -0.0507959
0.692 -0.0501445
0.693 -0.0494949
0.694 -0.0488473
0.695 -0.0482014
0.696 -0.0475575
0.697 -0.0469154
0.698 -0.0464183
0.699 -0.0457797
0.700 -0.0451429
0.701 -0.0445078
0.702 -0.0440171
0.703 -0.0433855
0.704 -0.0428977
0.705 -0.0422695
0.706 -0.0417847
0.707 -0.0411598
0.708 -0.040678
0.709 -0.0400564
0.710 -0.0395775
0.711 -0.0389592
0.712 -0.0384831
0.713 -0.0380084
0.714 -0.037395
0.715 -0.0369231
0.716 -0.0364525
0.717 -0.0359833
0.718 -0.0355153
0.719 -0.0349096
0.720 -0.0344444
0.721 -0.0339806
0.722 -0.033518
0.723 -0.0330567
0.724 -0.0325967
0.725 -0.0321379
0.726 -0.0316804
0.727 -0.0312242
0.728 -0.0307692
0.729 -0.0303155
0.730 -0.03
0.731 -0.0295486
0.732 -0.0290984
0.733 -0.0286494
0.734 -0.0282016
0.735 -0.0278912
0.736 -0.0274457
0.737 -0.0270014
0.738 -0.0266938
0.739 -0.0262517
0.740 -0.0259459
0.741 -0.0255061
0.742 -0.0250674
0.743 -0.0247645
0.744 -0.024328
0.745 -0.0240268
0.746 -0.0237265
0.747 -0.0232932
0.748 -0.0229947
0.749 -0.0225634
0.750 -0.0222667
0.751 -0.0219707
0.752 -0.0215426
0.753 -0.0212483
0.754 -0.0209549
0.755 -0.0206623
0.756 -0.0202381
0.757 -0.0199472
0.758 -0.019657
0.759 -0.0193676
0.760 -0.0190789
0.761 -0.0187911
0.762 -0.0185039
0.763 -0.0182176
0.764 -0.0179319
0.765 -0.0176471
0.766 -0.0173629
0.767 -0.0170795
0.768 -0.0167969
0.769 -0.016515
0.770 -0.0162338
0.771 -0.0159533
0.772 -0.0156736
0.773 -0.0153946
0.774 -0.0151163
0.775 -0.0149677
0.776 -0.0146907
0.777 -0.0144144
0.778 -0.0141388
0.779 -0.0139923
0.780 -0.0137179
0.781 -0.0134443
0.782 -0.0131714
0.783 -0.0130268
0.784 -0.0127551
0.785 -0.0125605
0.786 -0.012341
0.787 -0.012122
0.788 -0.0119162
0.789 -0.0116984
0.790 -0.0114937
0.791 -0.0112895
0.792 -0.0110985
0.793 -0.0108953
0.794 -0.0106927
0.795 -0.0105031
0.796 -0.0103141
0.797 -0.0101255
0.798 -0.00993734
0.799 -0.00974969
0.800 -0.009575
0.801 -0.00938826
0.802 -0.00921446
0.803 -0.0090411
0.804 -0.00886816
0.805 -0.00870807
0.806 -0.00853598
0.807 -0.0083767
0.808 -0.00821782
0.809 -0.00805933
0.810 -0.00790123
0.811 -0.00775586
0.812 -0.00759852
0.813 -0.00745387
0.814 -0.00730958
0.815 -0.00716564
0.816 -0.00702206
0.817 -0.00687882
0.818 -0.00673594
0.819 -0.00660562
0.820 -0.00646341
0.821 -0.00633374
0.822 -0.00620438
0.823 -0.00607533
0.824 -0.0059466
0.825 -0.00581818
0.826 -0.00570218
0.827 -0.00557437
0.828 -0.00545894
0.829 -0.00534379
0.830 -0.00522892
0.831 -0.00511432
0.832 -0.005
0.833 -0.00489796
0.834 -0.00479616
0.835 -0.00468263
0.836 -0.00458134
0.837 -0.00448029
0.838 -0.00437947
0.839 -0.0042789
0.840 -0.00419048
0.841 -0.00409037
0.842 -0.00400238
0.843 -0.00390273
0.844 -0.00381517
0.845 -0.00372781
0.846 -0.00364066
0.847 -0.00355372
0.848 -0.00346698
0.849 -0.00338045
0.850 -0.00329412
0.851 -0.00321974
0.852 -0.0031338
0.853 -0.00305979
0.854 -0.00298595
0.855 -0.00291228
0.856 -0.00283879
0.857 -0.00276546
0.858 -0.00270396
0.859 -0.00263097
0.860 -0.00256977
0.861 -0.0024971
0.862 -0.00243619
0.863 -0.00237543
0.864 -0.00231481
0.865 -0.00225434
0.866 -0.002194
0.867 -0.00213379
0.868 -0.00207373
0.869 -0.00201381
0.870 -0.00196552
0.871 -0.00190586
0.872 -0.0018578
0.873 -0.0017984
0.874 -0.00175057
0.875 -0.00170286
0.876 -0.00164384
0.877 -0.00159635
0.878 -0.00154897
0.879 -0.00150171
0.880 -0.00146591
0.881 -0.00141884
0.882 -0.00138322
0.883 -0.00133635
0.884 -0.0013009
0.885 -0.00125424
0.886 -0.00121896
0.887 -0.00118377
0.888 -0.00114865
0.889 -0.00111024
0.890 -0.00107528
0.891 -0.0010404
0.892 -0.00100561
0.893 -0.000973124
0.894 -0.000939597
0.895 -0.00090838
0.896 -0.000877232
0.897 -0.000846154
0.898 -0.000816258
0.899 -0.000787542
0.900 -0.000758889
0.901 -0.00073141
0.902 -0.000703991
0.903 -0.000677741
0.904 -0.000654867
0.905 -0.000632044
0.906 -0.000610375
0.907 -0.000588754
0.908 -0.000567181
0.909 -0.000545655
0.910 -0.000525275
0.911 -0.00050494
0.912 -0.000485746
0.913 -0.000466594
0.914 -0.000448578
0.915 -0.000429508
0.916 -0.000412664
0.917 -0.000394766
0.918 -0.000377996
0.919 -0.000361262
0.920 -0.000345652
0.921 -0.000330076
0.922 -0.000314534
0.923 -0.000300108
0.924 -0.000285714
0.925 -0.000272432
0.926 -0.000259179
0.927 -0.000245955
0.928 -0.000234914
0.929 -0.000224973
0.930 -0.000215054
0.931 -0.000205156
0.932 -0.000196352
0.933 -0.000186495
0.934 -0.00017773
0.935 -0.000168984
0.936 -0.000160256
0.937 -0.000152615
0.938 -0.000143923
0.939 -0.000136315
0.940 -0.000128723
0.941 -0.000121148
0.942 -0.00011465
0.943 -0.000108165
0.944 -0.000100953
0.945 -9.46032e-05
0.946 -8.83721e-05
0.947 -8.2471e-05
0.948 -7.66878e-05
0.949 -7.12329e-05
0.950 -6.6e-05
0.951 -6.08833e-05
0.952 -5.72479e-05
0.953 -5.41448e-05
0.954 -5.10482e-05
0.955 -4.81675e-05
0.956 -4.52929e-05
0.957 -4.24242e-05
0.958 -3.97704e-05
0.959 -3.7122e-05
0.960 -3.45833e-05
0.961 -3.2154e-05
0.962 -2.98337e-05
0.963 -2.75182e-05
0.964 -2.53112e-05
0.965 -2.32124e-05
0.966 -2.12215e-05
0.967 -1.92347e-05
0.968 -1.73554e-05
0.969 -1.55831e-05
0.970 -1.39175e-05
0.971 -1.22554e-05
0.972 -1.06996e-05
0.973 -9.28058e-06
0.974 -7.91581e-06
0.975 -6.62564e-06
0.976 -5.40984e-06
0.977 -4.28864e-06
0.978 -3.24131e-06
0.979 -2.28805e-06
0.980 -1.41837e-06
0.981 -6.35066e-07
0.982 -1.17108e-23
0.983 -1.13937e-23
0.984 -1.10772e-23
0.985 -1.06599e-23
0.986 -1.02434e-23
0.987 -9.76697e-24
0.988 -9.26113e-24
0.989 -8.70576e-24
0.990 -8.12121e-24
0.991 -7.48739e-24
0.992 -6.81452e-24
0.993 -6.10272e-24
0.994 -5.35211e-24
0.995 -4.56281e-24
0.996 -3.7249e-24
0.997 -2.85858e-24
0.998 -1.94389e-24
