0.6569	3.23E-004	1.29E-005
7.86E-001	1.94E-004	7.90E-006
1.02E+000	8.83E-005	3.96E-006
1.1776	5.19E-005	2.24E-006
1.5094	2.09E-005	1.02E-006
1.7894	9.77E-006	5.56E-007
1.40E-002	6.20E-001	2.80E-003
1.48E-002	6.05E-001	2.80E-003
1.51E-002	6.09E-001	3.10E-003
0.016	5.82E-001	3.50E-003
0.0165	5.70E-001	3.60E-003
0.0179	5.48E-001	4.90E-003
0.0189	5.27E-001	4.40E-003
0.0192	5.35E-001	3.80E-003
0.0197	5.24E-001	3.60E-003
0.0217	4.94E-001	3.80E-003
0.0221	4.90E-001	5.30E-003
0.0222	4.88E-001	4.10E-003
0.0242	4.58E-001	6.00E-003
0.0243	4.51E-001	7.30E-003
0.0248	4.47E-001	6.30E-003
0.0265	4.22E-001	7.20E-003
0.0266	4.30E-001	5.80E-003
0.0272	4.21E-001	5.40E-003
0.0285	4.01E-001	5.10E-003
0.0304	3.77E-001	5.80E-003
0.0308	3.80E-001	6.00E-003
0.0319	3.62E-001	7.40E-003
0.033	3.42E-001	9.10E-003
0.0339	3.55E-001	6.00E-003
0.0347	3.39E-001	8.70E-003
0.6929	2.56E-004	1.50E-005
0.8208	1.52E-004	9.00E-006
0.9477	9.69E-005	5.80E-006
1.0758	6.52E-005	3.90E-006
1.2025	4.56E-005	2.70E-006
1.3308	2.96E-005	1.80E-006
1.5494	1.56E-005	1.00E-006
1.7794	8.62E-006	5.20E-007
2.3762	1.78E-006	1.10E-007
3.0392	3.32E-007	2.60E-008
3.4447	1.35E-007	1.20E-008
3.9553	5.23E-008	5.90E-009
4.4435	2.04E-008	3.10E-009
4.9495	7.90E-009	1.41E-009
5.3525	3.46E-009	7.50E-010
5.9536	2.85E-009	8.10E-010
0.7999	2.31E-004	2.20E-005
0.9998	8.95E-005	7.70E-006
1.4997	2.04E-005	1.60E-006
1.7495	9.05E-006	7.80E-007
1.9995	4.74E-006	3.70E-007
2.4994	1.43E-006	1.40E-007
2.9995	5.02E-007	5.50E-008
3.9993	5.12E-008	1.16E-008
0.1168	6.76E-002	1.80E-003
0.1557	3.24E-002	1.00E-003
0.1946	1.80E-002	6.00E-004
0.2335	1.05E-002	2.00E-003
0.0019	9.28E-001	2.90E-003
3.90E-003	8.69E-001	1.80E-003
7.80E-003	7.54E-001	2.00E-003
0.0097	7.11E-001	4.90E-003
0.0117	6.67E-001	2.50E-003
0.0136	6.28E-001	3.50E-003
0.0156	5.89E-001	2.30E-003
0.0186	5.38E-001	2.80E-003
0.0195	5.24E-001	2.50E-003
0.2337	9.18E-003	5.32E-004
0.2725	5.71E-003	3.20E-004
0.3113	3.63E-003	1.82E-004
0.4671	8.95E-004	1.07E-004
0.7785	1.71E-004	4.39E-005
0.4997	7.79E-004	3.40E-005
0.5997	4.63E-004	4.50E-005
0.7799	1.77E-004	7.00E-006
0.9998	7.10E-005	2.10E-006
1.2996	1.77E-005	2.60E-006
0.5731	4.29E-004	3.69E-005
0.6003	4.56E-004	4.15E-005
0.6256	3.58E-004	3.40E-005
0.6486	2.81E-004	2.53E-005
0.673	2.76E-004	2.58E-005
0.7035	2.17E-004	2.11E-005
0.7312	1.58E-004	1.79E-005
0.7598	1.93E-004	2.06E-005
0.7914	1.59E-004	1.87E-005
0.8194	1.30E-004	1.48E-005
0.8493	1.13E-004	1.47E-005
0.879	9.33E-005	1.50E-005
0.91	1.08E-004	1.87E-005
0.9438	7.01E-005	1.76E-005
0.988	6.75E-005	1.62E-005
1.0676	4.38E-005	1.67E-005
1.2029	5.40E-005	1.49E-005
1.3276	2.57E-005	1.34E-005
0.2398	9.86E-003	5.00E-004
0.2569	7.57E-003	4.50E-004
0.274	6.40E-003	4.10E-004
0.292	5.39E-003	3.80E-004
0.3797	2.05E-003	1.50E-004
0.4244	1.49E-003	1.20E-004
0.4293	1.29E-003	8.00E-005
0.4556	1.08E-003	6.00E-005
0.4834	9.26E-004	6.80E-005
0.5062	7.79E-004	6.30E-005
0.0179	5.46E-001	9.27E-003
0.0273	4.15E-001	7.47E-003
0.0378	3.11E-001	5.59E-003
0.0487	2.39E-001	4.54E-003
0.0603	1.78E-001	3.38E-003
0.0717	1.40E-001	2.38E-003
0.0829	1.13E-001	2.25E-003
0.093	9.15E-002	2.01E-003
0.1024	7.85E-002	2.04E-003
0.1109	6.63E-002	1.92E-003
0.0234	4.70E-001	7.05E-003
0.0315	3.74E-001	6.36E-003
0.0405	2.95E-001	4.43E-003
0.0603	1.86E-001	2.79E-003
0.083	1.14E-001	1.71E-003
0.1066	7.25E-002	1.23E-003
0.1308	4.84E-002	8.72E-004
0.1542	3.23E-002	6.14E-004
0.1768	2.28E-002	5.02E-004
0.0861	1.11E-001	1.66E-003
0.1097	7.01E-002	1.05E-003
0.1355	4.48E-002	8.51E-004
0.1623	2.87E-002	4.31E-004
0.1908	1.86E-002	2.78E-004
0.2199	1.25E-002	1.87E-004
0.2492	8.42E-003	1.60E-004
0.2788	5.74E-003	9.31E-005
0.3082	4.17E-003	6.70E-005
0.3376	3.15E-003	8.19E-005
0.3659	2.34E-003	7.03E-005
0.1432	3.93E-002	6.68E-004
0.1821	2.07E-002	3.11E-004
0.2242	1.16E-002	1.75E-004
0.2456	8.90E-003	1.69E-004
0.2678	6.73E-003	1.01E-004
0.2903	5.03E-003	7.54E-005
0.3131	3.96E-003	5.94E-005
0.3588	2.41E-003	5.07E-005
0.4051	1.56E-003	3.59E-005
0.4516	1.04E-003	2.91E-005
0.5416	5.40E-004	1.84E-005
0.626	3.50E-004	1.57E-005
0.7031	2.33E-004	1.19E-005
0.0017	9.36E-001	1.50E-003
0.0082	7.45E-001	2.80E-003
0.0097	7.10E-001	1.50E-003
0.0117	6.66E-001	1.60E-003
0.0136	6.22E-001	1.60E-003
0.0155	5.91E-001	1.50E-003
0.0175	5.55E-001	1.40E-003
0.0195	5.25E-001	2.00E-003
0.0214	4.97E-001	2.20E-003
0.0234	4.66E-001	2.80E-003
0.0273	4.20E-001	1.80E-003
0.0389	3.10E-001	1.30E-003
0.0603	1.91E-001	1.10E-003
0.0817	1.24E-001	7.00E-004
0.1285	5.39E-002	4.00E-004
0.1557	3.55E-002	4.00E-004
