0.50 -0.000E+00 0 0.00593276 0.847835
0.60 -0.000E+00 0 0.000778 6.4653
0.70 -0.000E+00 0 0.000592 8.49662
0.80 0.000E+00 0 0.00126839 3.96565
0.90 Infinity 0 0.000696419 7.22266
1.00 -Infinity 0 0.000537045 9.36606
1.10 -Infinity 0 0.000471154 10.6759
1.20 -0.000E+00 0 0.000690308 7.2866
1.30 -0.874E+26 0 0.000665478 7.55848
1.40 -Infinity 0 0.000443424 11.3435
1.50 -Infinity 0 0.000326841 15.3897
1.60 -0.000E+00 0 0.000252606 19.9124
1.70 -0.000E+00 0 0.000155771 32.291
1.80 -0.000E+00 0 0.000125043 40.2261
2.00 -0.000E+00 0 6.86423e-05 73.2785
