0.45 -1.35 
0.45 -1.3316
0.55 -1.3316 
0.55 -1.35
0.55 -1.35 
0.55 -1.35
0.65 -1.35 
0.65 -1.35
0.65 -1.35 
0.65 -1.35
0.75 -1.35 
0.75 -1.35
0.75 -1.35 
0.75 -1.3366
0.85 -1.3366 
0.85 -1.35
0.85 -1.35 
0.85 -1.3462
0.95 -1.3462 
0.95 -1.35
0.95 -1.35 
0.95 -1.34998
1.05 -1.34998 
1.05 -1.35
1.05 -1.35 
1.05 -1.34865
1.15 -1.34865 
1.15 -1.35
1.15 -1.35 
1.15 -1.3345
1.25 -1.3345 
1.25 -1.35
1.25 -1.35 
1.25 -1.3087
1.35 -1.3087 
1.35 -1.35
1.35 -1.35 
1.35 -1.2828
1.45 -1.2828 
1.45 -1.35
1.45 -1.35 
1.45 -1.2666
1.55 -1.2666 
1.55 -1.35
1.55 -1.35 
1.55 -1.2658
1.65 -1.2658 
1.65 -1.35
1.65 -1.35 
1.65 -1.2796
1.75 -1.2796 
1.75 -1.35
1.75 -1.35 
1.75 -1.3028
1.85 -1.3028 
1.85 -1.35
1.9 -1.35 
1.9 -1.258
2.1 -1.258 
2.1 -1.35
