0.001 -0.301E+03
0.002 -0.149E+03
0.003 -0.964E+02
0.004 -0.711E+02
0.005 -0.561E+02
0.006 -0.464E+02
0.007 -0.394E+02
0.008 -0.343E+02
0.009 -0.304E+02
0.010 -0.272E+02
0.011 -0.247E+02
0.012 -0.226E+02
0.013 -0.208E+02
0.014 -0.193E+02
0.015 -0.180E+02
0.016 -0.169E+02
0.017 -0.159E+02
0.018 -0.150E+02
0.019 -0.142E+02
0.020 -0.135E+02
0.021 -0.128E+02
0.022 -0.122E+02
0.023 -0.117E+02
0.024 -0.112E+02
0.025 -0.108E+02
0.026 -0.103E+02
0.027 -0.995E+01
0.028 -0.961E+01
0.029 -0.928E+01
0.030 -0.896E+01
0.031 -0.867E+01
0.032 -0.840E+01
0.033 -0.815E+01
0.034 -0.791E+01
0.035 -0.769E+01
0.036 -0.747E+01
0.037 -0.726E+01
0.038 -0.708E+01
0.039 -0.690E+01
0.040 -0.673E+01
0.041 -0.657E+01
0.042 -0.641E+01
0.043 -0.626E+01
0.044 -0.611E+01
0.045 -0.598E+01
0.046 -0.585E+01
0.047 -0.573E+01
0.048 -0.561E+01
0.049 -0.549E+01
0.050 -0.538E+01
0.051 -0.528E+01
0.052 -0.517E+01
0.053 -0.508E+01
0.054 -0.499E+01
0.055 -0.490E+01
0.056 -0.481E+01
0.057 -0.472E+01
0.058 -0.464E+01
0.059 -0.456E+01
0.060 -0.448E+01
0.061 -0.441E+01
0.062 -0.434E+01
0.063 -0.427E+01
0.064 -0.420E+01
0.065 -0.414E+01
0.066 -0.408E+01
0.067 -0.401E+01
0.068 -0.395E+01
0.069 -0.389E+01
0.070 -0.384E+01
0.071 -0.378E+01
0.072 -0.373E+01
0.073 -0.368E+01
0.074 -0.363E+01
0.075 -0.358E+01
0.076 -0.353E+01
0.077 -0.349E+01
0.078 -0.344E+01
0.079 -0.339E+01
0.080 -0.335E+01
0.081 -0.331E+01
0.082 -0.327E+01
0.083 -0.323E+01
0.084 -0.319E+01
0.085 -0.315E+01
0.086 -0.311E+01
0.087 -0.308E+01
0.088 -0.304E+01
0.089 -0.300E+01
0.090 -0.297E+01
0.091 -0.293E+01
0.092 -0.290E+01
0.093 -0.287E+01
0.094 -0.284E+01
0.095 -0.281E+01
0.096 -0.278E+01
0.097 -0.275E+01
0.098 -0.272E+01
0.099 -0.269E+01
0.100 -0.266E+01
0.101 -0.263E+01
0.102 -0.261E+01
0.103 -0.258E+01
0.104 -0.255E+01
0.105 -0.253E+01
0.106 -0.250E+01
0.107 -0.248E+01
0.108 -0.245E+01
0.109 -0.243E+01
0.110 -0.241E+01
0.111 -0.238E+01
0.112 -0.236E+01
0.113 -0.234E+01
0.114 -0.232E+01
0.115 -0.229E+01
0.116 -0.227E+01
0.117 -0.225E+01
0.118 -0.223E+01
0.119 -0.221E+01
0.120 -0.219E+01
0.121 -0.217E+01
0.122 -0.215E+01
0.123 -0.213E+01
0.124 -0.212E+01
0.125 -0.210E+01
0.126 -0.208E+01
0.127 -0.206E+01
0.128 -0.204E+01
0.129 -0.203E+01
0.130 -0.201E+01
0.131 -0.199E+01
0.132 -0.198E+01
0.133 -0.196E+01
0.134 -0.194E+01
0.135 -0.193E+01
0.136 -0.191E+01
0.137 -0.190E+01
0.138 -0.188E+01
0.139 -0.187E+01
0.140 -0.185E+01
0.141 -0.184E+01
0.142 -0.182E+01
0.143 -0.181E+01
0.144 -0.179E+01
0.145 -0.178E+01
0.146 -0.176E+01
0.147 -0.175E+01
0.148 -0.174E+01
0.149 -0.172E+01
0.150 -0.171E+01
0.151 -0.170E+01
0.152 -0.169E+01
0.153 -0.167E+01
0.154 -0.166E+01
0.155 -0.165E+01
0.156 -0.164E+01
0.157 -0.162E+01
0.158 -0.161E+01
0.159 -0.160E+01
0.160 -0.159E+01
0.161 -0.158E+01
0.162 -0.156E+01
0.163 -0.155E+01
0.164 -0.154E+01
0.165 -0.153E+01
0.166 -0.152E+01
0.167 -0.151E+01
0.168 -0.150E+01
0.169 -0.149E+01
0.170 -0.148E+01
0.171 -0.147E+01
0.172 -0.146E+01
0.173 -0.145E+01
0.174 -0.144E+01
0.175 -0.143E+01
0.176 -0.142E+01
0.177 -0.141E+01
0.178 -0.140E+01
0.179 -0.139E+01
0.180 -0.138E+01
0.181 -0.137E+01
0.182 -0.136E+01
0.183 -0.135E+01
0.184 -0.134E+01
0.185 -0.133E+01
0.186 -0.132E+01
0.187 -0.131E+01
0.188 -0.131E+01
0.189 -0.130E+01
0.190 -0.129E+01
0.191 -0.128E+01
0.192 -0.127E+01
0.193 -0.126E+01
0.194 -0.126E+01
0.195 -0.125E+01
0.196 -0.124E+01
0.197 -0.123E+01
0.198 -0.122E+01
0.199 -0.122E+01
0.200 -0.121E+01
0.201 -0.120E+01
0.202 -0.119E+01
0.203 -0.118E+01
0.204 -0.118E+01
0.205 -0.117E+01
0.206 -0.116E+01
0.207 -0.115E+01
0.208 -0.115E+01
0.209 -0.114E+01
0.210 -0.113E+01
0.211 -0.113E+01
0.212 -0.112E+01
0.213 -0.111E+01
0.214 -0.110E+01
0.215 -0.110E+01
0.216 -0.109E+01
0.217 -0.108E+01
0.218 -0.108E+01
0.219 -0.107E+01
0.220 -0.106E+01
0.221 -0.106E+01
0.222 -0.105E+01
0.223 -0.104E+01
0.224 -0.104E+01
0.225 -0.103E+01
0.226 -0.103E+01
0.227 -0.102E+01
0.228 -0.101E+01
0.229 -0.101E+01
0.230 -0.100E+01
0.231 -0.994E+00
0.232 -0.988E+00
0.233 -0.982E+00
0.234 -0.976E+00
0.235 -0.971E+00
0.236 -0.965E+00
0.237 -0.959E+00
0.238 -0.953E+00
0.239 -0.947E+00
0.240 -0.942E+00
0.241 -0.936E+00
0.242 -0.930E+00
0.243 -0.925E+00
0.244 -0.919E+00
0.245 -0.914E+00
0.246 -0.908E+00
0.247 -0.903E+00
0.248 -0.898E+00
0.249 -0.892E+00
0.250 -0.887E+00
0.251 -0.882E+00
0.252 -0.877E+00
0.253 -0.871E+00
0.254 -0.866E+00
0.255 -0.861E+00
0.256 -0.856E+00
0.257 -0.851E+00
0.258 -0.846E+00
0.259 -0.841E+00
0.260 -0.836E+00
0.261 -0.831E+00
0.262 -0.826E+00
0.263 -0.821E+00
0.264 -0.816E+00
0.265 -0.812E+00
0.266 -0.807E+00
0.267 -0.802E+00
0.268 -0.798E+00
0.269 -0.793E+00
0.270 -0.788E+00
0.271 -0.784E+00
0.272 -0.779E+00
0.273 -0.774E+00
0.274 -0.770E+00
0.275 -0.765E+00
0.276 -0.761E+00
0.277 -0.757E+00
0.278 -0.752E+00
0.279 -0.748E+00
0.280 -0.743E+00
0.281 -0.739E+00
0.282 -0.735E+00
0.283 -0.731E+00
0.284 -0.726E+00
0.285 -0.722E+00
0.286 -0.718E+00
0.287 -0.714E+00
0.288 -0.710E+00
0.289 -0.706E+00
0.290 -0.701E+00
0.291 -0.697E+00
0.292 -0.693E+00
0.293 -0.689E+00
0.294 -0.685E+00
0.295 -0.681E+00
0.296 -0.677E+00
0.297 -0.673E+00
0.298 -0.670E+00
0.299 -0.666E+00
0.300 -0.662E+00
0.301 -0.658E+00
0.302 -0.654E+00
0.303 -0.650E+00
0.304 -0.647E+00
0.305 -0.643E+00
0.306 -0.639E+00
0.307 -0.635E+00
0.308 -0.632E+00
0.309 -0.628E+00
0.310 -0.625E+00
0.311 -0.621E+00
0.312 -0.617E+00
0.313 -0.614E+00
0.314 -0.610E+00
0.315 -0.607E+00
0.316 -0.603E+00
0.317 -0.600E+00
0.318 -0.596E+00
0.319 -0.593E+00
0.320 -0.589E+00
0.321 -0.586E+00
0.322 -0.582E+00
0.323 -0.579E+00
0.324 -0.576E+00
0.325 -0.572E+00
0.326 -0.569E+00
0.327 -0.566E+00
0.328 -0.562E+00
0.329 -0.559E+00
0.330 -0.556E+00
0.331 -0.553E+00
0.332 -0.550E+00
0.333 -0.546E+00
0.334 -0.543E+00
0.335 -0.540E+00
0.336 -0.537E+00
0.337 -0.534E+00
0.338 -0.531E+00
0.339 -0.527E+00
0.340 -0.524E+00
0.341 -0.521E+00
0.342 -0.518E+00
0.343 -0.515E+00
0.344 -0.512E+00
0.345 -0.509E+00
0.346 -0.506E+00
0.347 -0.503E+00
0.348 -0.500E+00
0.349 -0.497E+00
0.350 -0.495E+00
0.351 -0.492E+00
0.352 -0.489E+00
0.353 -0.486E+00
0.354 -0.483E+00
0.355 -0.480E+00
0.356 -0.477E+00
0.357 -0.475E+00
0.358 -0.472E+00
0.359 -0.469E+00
0.360 -0.466E+00
0.361 -0.463E+00
0.362 -0.461E+00
0.363 -0.458E+00
0.364 -0.455E+00
0.365 -0.453E+00
0.366 -0.450E+00
0.367 -0.447E+00
0.368 -0.445E+00
0.369 -0.442E+00
0.370 -0.439E+00
0.371 -0.437E+00
0.372 -0.434E+00
0.373 -0.431E+00
0.374 -0.429E+00
0.375 -0.426E+00
0.376 -0.424E+00
0.377 -0.421E+00
0.378 -0.419E+00
0.379 -0.416E+00
0.380 -0.414E+00
0.381 -0.411E+00
0.382 -0.409E+00
0.383 -0.406E+00
0.384 -0.404E+00
0.385 -0.401E+00
0.386 -0.399E+00
0.387 -0.397E+00
0.388 -0.394E+00
0.389 -0.392E+00
0.390 -0.389E+00
0.391 -0.387E+00
0.392 -0.385E+00
0.393 -0.382E+00
0.394 -0.380E+00
0.395 -0.378E+00
0.396 -0.375E+00
0.397 -0.373E+00
0.398 -0.371E+00
0.399 -0.369E+00
0.400 -0.366E+00
0.401 -0.364E+00
0.402 -0.362E+00
0.403 -0.360E+00
0.404 -0.357E+00
0.405 -0.355E+00
0.406 -0.353E+00
0.407 -0.351E+00
0.408 -0.349E+00
0.409 -0.347E+00
0.410 -0.344E+00
0.411 -0.342E+00
0.412 -0.340E+00
0.413 -0.338E+00
0.414 -0.336E+00
0.415 -0.334E+00
0.416 -0.332E+00
0.417 -0.330E+00
0.418 -0.328E+00
0.419 -0.326E+00
0.420 -0.324E+00
0.421 -0.322E+00
0.422 -0.320E+00
0.423 -0.318E+00
0.424 -0.316E+00
0.425 -0.314E+00
0.426 -0.312E+00
0.427 -0.310E+00
0.428 -0.308E+00
0.429 -0.306E+00
0.430 -0.304E+00
0.431 -0.302E+00
0.432 -0.300E+00
0.433 -0.298E+00
0.434 -0.296E+00
0.435 -0.294E+00
0.436 -0.292E+00
0.437 -0.291E+00
0.438 -0.289E+00
0.439 -0.287E+00
0.440 -0.285E+00
0.441 -0.283E+00
0.442 -0.281E+00
0.443 -0.279E+00
0.444 -0.278E+00
0.445 -0.276E+00
0.446 -0.274E+00
0.447 -0.272E+00
0.448 -0.271E+00
0.449 -0.269E+00
0.450 -0.267E+00
0.451 -0.265E+00
0.452 -0.264E+00
0.453 -0.262E+00
0.454 -0.260E+00
0.455 -0.258E+00
0.456 -0.257E+00
0.457 -0.255E+00
0.458 -0.253E+00
0.459 -0.252E+00
0.460 -0.250E+00
0.461 -0.248E+00
0.462 -0.247E+00
0.463 -0.245E+00
0.464 -0.243E+00
0.465 -0.242E+00
0.466 -0.240E+00
0.467 -0.239E+00
0.468 -0.237E+00
0.469 -0.235E+00
0.470 -0.234E+00
0.471 -0.232E+00
0.472 -0.231E+00
0.473 -0.229E+00
0.474 -0.228E+00
0.475 -0.226E+00
0.476 -0.225E+00
0.477 -0.223E+00
0.478 -0.221E+00
0.479 -0.220E+00
0.480 -0.218E+00
0.481 -0.217E+00
0.482 -0.215E+00
0.483 -0.214E+00
0.484 -0.213E+00
0.485 -0.211E+00
0.486 -0.210E+00
0.487 -0.208E+00
0.488 -0.207E+00
0.489 -0.205E+00
0.490 -0.204E+00
0.491 -0.202E+00
0.492 -0.201E+00
0.493 -0.200E+00
0.494 -0.198E+00
0.495 -0.197E+00
0.496 -0.195E+00
0.497 -0.194E+00
0.498 -0.193E+00
0.499 -0.191E+00
0.500 -0.190E+00
0.501 -0.189E+00
0.502 -0.187E+00
0.503 -0.186E+00
0.504 -0.185E+00
0.505 -0.183E+00
0.506 -0.182E+00
0.507 -0.181E+00
0.508 -0.179E+00
0.509 -0.178E+00
0.510 -0.177E+00
0.511 -0.176E+00
0.512 -0.174E+00
0.513 -0.173E+00
0.514 -0.172E+00
0.515 -0.171E+00
0.516 -0.169E+00
0.517 -0.168E+00
0.518 -0.167E+00
0.519 -0.166E+00
0.520 -0.164E+00
0.521 -0.163E+00
0.522 -0.162E+00
0.523 -0.161E+00
0.524 -0.160E+00
0.525 -0.158E+00
0.526 -0.157E+00
0.527 -0.156E+00
0.528 -0.155E+00
0.529 -0.154E+00
0.530 -0.153E+00
0.531 -0.152E+00
0.532 -0.150E+00
0.533 -0.149E+00
0.534 -0.148E+00
0.535 -0.147E+00
0.536 -0.146E+00
0.537 -0.145E+00
0.538 -0.144E+00
0.539 -0.143E+00
0.540 -0.142E+00
0.541 -0.140E+00
0.542 -0.139E+00
0.543 -0.138E+00
0.544 -0.137E+00
0.545 -0.136E+00
0.546 -0.135E+00
0.547 -0.134E+00
0.548 -0.133E+00
0.549 -0.132E+00
0.550 -0.131E+00
0.551 -0.130E+00
0.552 -0.129E+00
0.553 -0.128E+00
0.554 -0.127E+00
0.555 -0.126E+00
0.556 -0.125E+00
0.557 -0.124E+00
0.558 -0.123E+00
0.559 -0.122E+00
0.560 -0.121E+00
0.561 -0.120E+00
0.562 -0.119E+00
0.563 -0.118E+00
0.564 -0.117E+00
0.565 -0.116E+00
0.566 -0.115E+00
0.567 -0.114E+00
0.568 -0.113E+00
0.569 -0.113E+00
0.570 -0.112E+00
0.571 -0.111E+00
0.572 -0.110E+00
0.573 -0.109E+00
0.574 -0.108E+00
0.575 -0.107E+00
0.576 -0.106E+00
0.577 -0.105E+00
0.578 -0.105E+00
0.579 -0.104E+00
0.580 -0.103E+00
0.581 -0.102E+00
0.582 -0.101E+00
0.583 -0.100E+00
0.584 -0.994E-01
0.585 -0.985E-01
0.586 -0.977E-01
0.587 -0.969E-01
0.588 -0.961E-01
0.589 -0.953E-01
0.590 -0.944E-01
0.591 -0.936E-01
0.592 -0.928E-01
0.593 -0.920E-01
0.594 -0.912E-01
0.595 -0.905E-01
0.596 -0.897E-01
0.597 -0.889E-01
0.598 -0.881E-01
0.599 -0.874E-01
0.600 -0.866E-01
0.601 -0.858E-01
0.602 -0.851E-01
0.603 -0.843E-01
0.604 -0.836E-01
0.605 -0.829E-01
0.606 -0.821E-01
0.607 -0.814E-01
0.608 -0.807E-01
0.609 -0.800E-01
0.610 -0.792E-01
0.611 -0.785E-01
0.612 -0.778E-01
0.613 -0.771E-01
0.614 -0.764E-01
0.615 -0.757E-01
0.616 -0.750E-01
0.617 -0.744E-01
0.618 -0.737E-01
0.619 -0.730E-01
0.620 -0.723E-01
0.621 -0.717E-01
0.622 -0.710E-01
0.623 -0.704E-01
0.624 -0.697E-01
0.625 -0.691E-01
0.626 -0.684E-01
0.627 -0.678E-01
0.628 -0.672E-01
0.629 -0.665E-01
0.630 -0.659E-01
0.631 -0.653E-01
0.632 -0.647E-01
0.633 -0.640E-01
0.634 -0.634E-01
0.635 -0.628E-01
0.636 -0.622E-01
0.637 -0.616E-01
0.638 -0.610E-01
0.639 -0.604E-01
0.640 -0.599E-01
0.641 -0.593E-01
0.642 -0.587E-01
0.643 -0.581E-01
0.644 -0.576E-01
0.645 -0.570E-01
0.646 -0.564E-01
0.647 -0.559E-01
0.648 -0.553E-01
0.649 -0.548E-01
0.650 -0.542E-01
0.651 -0.537E-01
0.652 -0.532E-01
0.653 -0.526E-01
0.654 -0.521E-01
0.655 -0.516E-01
0.656 -0.511E-01
0.657 -0.505E-01
0.658 -0.500E-01
0.659 -0.495E-01
0.660 -0.490E-01
0.661 -0.485E-01
0.662 -0.480E-01
0.663 -0.475E-01
0.664 -0.470E-01
0.665 -0.465E-01
0.666 -0.460E-01
0.667 -0.456E-01
0.668 -0.451E-01
0.669 -0.446E-01
0.670 -0.441E-01
0.671 -0.437E-01
0.672 -0.432E-01
0.673 -0.427E-01
0.674 -0.423E-01
0.675 -0.418E-01
0.676 -0.414E-01
0.677 -0.409E-01
0.678 -0.405E-01
0.679 -0.401E-01
0.680 -0.396E-01
0.681 -0.392E-01
0.682 -0.388E-01
0.683 -0.383E-01
0.684 -0.379E-01
0.685 -0.375E-01
0.686 -0.371E-01
0.687 -0.367E-01
0.688 -0.363E-01
0.689 -0.359E-01
0.690 -0.355E-01
0.691 -0.351E-01
0.692 -0.347E-01
0.693 -0.343E-01
0.694 -0.339E-01
0.695 -0.335E-01
0.696 -0.331E-01
0.697 -0.327E-01
0.698 -0.324E-01
0.699 -0.320E-01
0.700 -0.316E-01
0.701 -0.312E-01
0.702 -0.309E-01
0.703 -0.305E-01
0.704 -0.302E-01
0.705 -0.298E-01
0.706 -0.295E-01
0.707 -0.291E-01
0.708 -0.288E-01
0.709 -0.284E-01
0.710 -0.281E-01
0.711 -0.277E-01
0.712 -0.274E-01
0.713 -0.271E-01
0.714 -0.267E-01
0.715 -0.264E-01
0.716 -0.261E-01
0.717 -0.258E-01
0.718 -0.255E-01
0.719 -0.251E-01
0.720 -0.248E-01
0.721 -0.245E-01
0.722 -0.242E-01
0.723 -0.239E-01
0.724 -0.236E-01
0.725 -0.233E-01
0.726 -0.230E-01
0.727 -0.227E-01
0.728 -0.224E-01
0.729 -0.221E-01
0.730 -0.219E-01
0.731 -0.216E-01
0.732 -0.213E-01
0.733 -0.210E-01
0.734 -0.207E-01
0.735 -0.205E-01
0.736 -0.202E-01
0.737 -0.199E-01
0.738 -0.197E-01
0.739 -0.194E-01
0.740 -0.192E-01
0.741 -0.189E-01
0.742 -0.186E-01
0.743 -0.184E-01
0.744 -0.181E-01
0.745 -0.179E-01
0.746 -0.177E-01
0.747 -0.174E-01
0.748 -0.172E-01
0.749 -0.169E-01
0.750 -0.167E-01
0.751 -0.165E-01
0.752 -0.162E-01
0.753 -0.160E-01
0.754 -0.158E-01
0.755 -0.156E-01
0.756 -0.153E-01
0.757 -0.151E-01
0.758 -0.149E-01
0.759 -0.147E-01
0.760 -0.145E-01
0.761 -0.143E-01
0.762 -0.141E-01
0.763 -0.139E-01
0.764 -0.137E-01
0.765 -0.135E-01
0.766 -0.133E-01
0.767 -0.131E-01
0.768 -0.129E-01
0.769 -0.127E-01
0.770 -0.125E-01
0.771 -0.123E-01
0.772 -0.121E-01
0.773 -0.119E-01
0.774 -0.117E-01
0.775 -0.116E-01
0.776 -0.114E-01
0.777 -0.112E-01
0.778 -0.110E-01
0.779 -0.109E-01
0.780 -0.107E-01
0.781 -0.105E-01
0.782 -0.103E-01
0.783 -0.102E-01
0.784 -0.100E-01
0.785 -0.986E-02
0.786 -0.970E-02
0.787 -0.954E-02
0.788 -0.939E-02
0.789 -0.923E-02
0.790 -0.908E-02
0.791 -0.893E-02
0.792 -0.879E-02
0.793 -0.864E-02
0.794 -0.849E-02
0.795 -0.835E-02
0.796 -0.821E-02
0.797 -0.807E-02
0.798 -0.793E-02
0.799 -0.779E-02
0.800 -0.766E-02
0.801 -0.752E-02
0.802 -0.739E-02
0.803 -0.726E-02
0.804 -0.713E-02
0.805 -0.701E-02
0.806 -0.688E-02
0.807 -0.676E-02
0.808 -0.664E-02
0.809 -0.652E-02
0.810 -0.640E-02
0.811 -0.629E-02
0.812 -0.617E-02
0.813 -0.606E-02
0.814 -0.595E-02
0.815 -0.584E-02
0.816 -0.573E-02
0.817 -0.562E-02
0.818 -0.551E-02
0.819 -0.541E-02
0.820 -0.530E-02
0.821 -0.520E-02
0.822 -0.510E-02
0.823 -0.500E-02
0.824 -0.490E-02
0.825 -0.480E-02
0.826 -0.471E-02
0.827 -0.461E-02
0.828 -0.452E-02
0.829 -0.443E-02
0.830 -0.434E-02
0.831 -0.425E-02
0.832 -0.416E-02
0.833 -0.408E-02
0.834 -0.400E-02
0.835 -0.391E-02
0.836 -0.383E-02
0.837 -0.375E-02
0.838 -0.367E-02
0.839 -0.359E-02
0.840 -0.352E-02
0.841 -0.344E-02
0.842 -0.337E-02
0.843 -0.329E-02
0.844 -0.322E-02
0.845 -0.315E-02
0.846 -0.308E-02
0.847 -0.301E-02
0.848 -0.294E-02
0.849 -0.287E-02
0.850 -0.280E-02
0.851 -0.274E-02
0.852 -0.267E-02
0.853 -0.261E-02
0.854 -0.255E-02
0.855 -0.249E-02
0.856 -0.243E-02
0.857 -0.237E-02
0.858 -0.232E-02
0.859 -0.226E-02
0.860 -0.221E-02
0.861 -0.215E-02
0.862 -0.210E-02
0.863 -0.205E-02
0.864 -0.200E-02
0.865 -0.195E-02
0.866 -0.190E-02
0.867 -0.185E-02
0.868 -0.180E-02
0.869 -0.175E-02
0.870 -0.171E-02
0.871 -0.166E-02
0.872 -0.162E-02
0.873 -0.157E-02
0.874 -0.153E-02
0.875 -0.149E-02
0.876 -0.144E-02
0.877 -0.140E-02
0.878 -0.136E-02
0.879 -0.132E-02
0.880 -0.129E-02
0.881 -0.125E-02
0.882 -0.122E-02
0.883 -0.118E-02
0.884 -0.115E-02
0.885 -0.111E-02
0.886 -0.108E-02
0.887 -0.105E-02
0.888 -0.102E-02
0.889 -0.987E-03
0.890 -0.957E-03
0.891 -0.927E-03
0.892 -0.897E-03
0.893 -0.869E-03
0.894 -0.840E-03
0.895 -0.813E-03
0.896 -0.786E-03
0.897 -0.759E-03
0.898 -0.733E-03
0.899 -0.708E-03
0.900 -0.683E-03
0.901 -0.659E-03
0.902 -0.635E-03
0.903 -0.612E-03
0.904 -0.592E-03
0.905 -0.572E-03
0.906 -0.553E-03
0.907 -0.534E-03
0.908 -0.515E-03
0.909 -0.496E-03
0.910 -0.478E-03
0.911 -0.460E-03
0.912 -0.443E-03
0.913 -0.426E-03
0.914 -0.410E-03
0.915 -0.393E-03
0.916 -0.378E-03
0.917 -0.362E-03
0.918 -0.347E-03
0.919 -0.332E-03
0.920 -0.318E-03
0.921 -0.304E-03
0.922 -0.290E-03
0.923 -0.277E-03
0.924 -0.264E-03
0.925 -0.252E-03
0.926 -0.240E-03
0.927 -0.228E-03
0.928 -0.218E-03
0.929 -0.209E-03
0.930 -0.200E-03
0.931 -0.191E-03
0.932 -0.183E-03
0.933 -0.174E-03
0.934 -0.166E-03
0.935 -0.158E-03
0.936 -0.150E-03
0.937 -0.143E-03
0.938 -0.135E-03
0.939 -0.128E-03
0.940 -0.121E-03
0.941 -0.114E-03
0.942 -0.108E-03
0.943 -0.102E-03
0.944 -0.953E-04
0.945 -0.894E-04
0.946 -0.836E-04
0.947 -0.781E-04
0.948 -0.727E-04
0.949 -0.676E-04
0.950 -0.627E-04
0.951 -0.579E-04
0.952 -0.545E-04
0.953 -0.516E-04
0.954 -0.487E-04
0.955 -0.460E-04
0.956 -0.433E-04
0.957 -0.406E-04
0.958 -0.381E-04
0.959 -0.356E-04
0.960 -0.332E-04
0.961 -0.309E-04
0.962 -0.287E-04
0.963 -0.265E-04
0.964 -0.244E-04
0.965 -0.224E-04
0.966 -0.205E-04
0.967 -0.186E-04
0.968 -0.168E-04
0.969 -0.151E-04
0.970 -0.135E-04
0.971 -0.119E-04
0.972 -0.104E-04
0.973 -0.903E-05
0.974 -0.771E-05
0.975 -0.646E-05
0.976 -0.528E-05
0.977 -0.419E-05
0.978 -0.317E-05
0.979 -0.224E-05
0.980 -0.139E-05
0.981 -0.623E-06
0.982 -0.115E-22
0.983 -0.112E-22
0.984 -0.109E-22
0.985 -0.105E-22
0.986 -0.101E-22
0.987 -0.964E-23
0.988 -0.915E-23
0.989 -0.861E-23
0.990 -0.804E-23
0.991 -0.742E-23
0.992 -0.676E-23
0.993 -0.606E-23
0.994 -0.532E-23
0.995 -0.454E-23
0.996 -0.371E-23
0.997 -0.285E-23
0.998 -0.194E-23
