0.001 -0.871E-03
0.002 -0.796E-03
0.003 -0.761E-03
0.004 -0.740E-03
0.005 -0.726E-03
0.006 -0.716E-03
0.007 -0.708E-03
0.008 -0.702E-03
0.009 -0.698E-03
0.010 -0.694E-03
0.011 -0.690E-03
0.012 -0.687E-03
0.013 -0.685E-03
0.014 -0.683E-03
0.015 -0.681E-03
0.016 -0.679E-03
0.017 -0.677E-03
0.018 -0.675E-03
0.019 -0.674E-03
0.020 -0.672E-03
0.021 -0.671E-03
0.022 -0.669E-03
0.023 -0.668E-03
0.024 -0.667E-03
0.025 -0.665E-03
0.026 -0.664E-03
0.027 -0.663E-03
0.028 -0.661E-03
0.029 -0.660E-03
0.030 -0.659E-03
0.031 -0.658E-03
0.032 -0.656E-03
0.033 -0.655E-03
0.034 -0.654E-03
0.035 -0.652E-03
0.036 -0.651E-03
0.037 -0.650E-03
0.038 -0.648E-03
0.039 -0.647E-03
0.040 -0.646E-03
0.041 -0.644E-03
0.042 -0.643E-03
0.043 -0.641E-03
0.044 -0.640E-03
0.045 -0.639E-03
0.046 -0.637E-03
0.047 -0.636E-03
0.048 -0.634E-03
0.049 -0.633E-03
0.050 -0.631E-03
0.051 -0.630E-03
0.052 -0.628E-03
0.053 -0.627E-03
0.054 -0.625E-03
0.055 -0.623E-03
0.056 -0.622E-03
0.057 -0.620E-03
0.058 -0.619E-03
0.059 -0.617E-03
0.060 -0.615E-03
0.061 -0.614E-03
0.062 -0.612E-03
0.063 -0.610E-03
0.064 -0.609E-03
0.065 -0.607E-03
0.066 -0.605E-03
0.067 -0.603E-03
0.068 -0.602E-03
0.069 -0.600E-03
0.070 -0.598E-03
0.071 -0.596E-03
0.072 -0.595E-03
0.073 -0.593E-03
0.074 -0.591E-03
0.075 -0.589E-03
0.076 -0.587E-03
0.077 -0.585E-03
0.078 -0.583E-03
0.079 -0.581E-03
0.080 -0.580E-03
0.081 -0.578E-03
0.082 -0.576E-03
0.083 -0.574E-03
0.084 -0.572E-03
0.085 -0.570E-03
0.086 -0.568E-03
0.087 -0.566E-03
0.088 -0.564E-03
0.089 -0.562E-03
0.090 -0.560E-03
0.091 -0.558E-03
0.092 -0.556E-03
0.093 -0.554E-03
0.094 -0.552E-03
0.095 -0.550E-03
0.096 -0.547E-03
0.097 -0.545E-03
0.098 -0.543E-03
0.099 -0.541E-03
0.100 -0.539E-03
0.101 -0.537E-03
0.102 -0.535E-03
0.103 -0.532E-03
0.104 -0.530E-03
0.105 -0.528E-03
0.106 -0.526E-03
0.107 -0.524E-03
0.108 -0.521E-03
0.109 -0.519E-03
0.110 -0.517E-03
0.111 -0.515E-03
0.112 -0.512E-03
0.113 -0.510E-03
0.114 -0.508E-03
0.115 -0.505E-03
0.116 -0.503E-03
0.117 -0.501E-03
0.118 -0.499E-03
0.119 -0.496E-03
0.120 -0.494E-03
0.121 -0.491E-03
0.122 -0.489E-03
0.123 -0.487E-03
0.124 -0.484E-03
0.125 -0.482E-03
0.126 -0.479E-03
0.127 -0.477E-03
0.128 -0.475E-03
0.129 -0.472E-03
0.130 -0.470E-03
0.131 -0.467E-03
0.132 -0.465E-03
0.133 -0.462E-03
0.134 -0.460E-03
0.135 -0.457E-03
0.136 -0.455E-03
0.137 -0.452E-03
0.138 -0.450E-03
0.139 -0.447E-03
0.140 -0.445E-03
0.141 -0.442E-03
0.142 -0.440E-03
0.143 -0.437E-03
0.144 -0.434E-03
0.145 -0.432E-03
0.146 -0.429E-03
0.147 -0.427E-03
0.148 -0.424E-03
0.149 -0.421E-03
0.150 -0.419E-03
0.151 -0.416E-03
0.152 -0.413E-03
0.153 -0.411E-03
0.154 -0.408E-03
0.155 -0.405E-03
0.156 -0.403E-03
0.157 -0.400E-03
0.158 -0.397E-03
0.159 -0.395E-03
0.160 -0.392E-03
0.161 -0.389E-03
0.162 -0.387E-03
0.163 -0.384E-03
0.164 -0.381E-03
0.165 -0.379E-03
0.166 -0.376E-03
0.167 -0.373E-03
0.168 -0.370E-03
0.169 -0.368E-03
0.170 -0.365E-03
0.171 -0.362E-03
0.172 -0.359E-03
0.173 -0.357E-03
0.174 -0.354E-03
0.175 -0.351E-03
0.176 -0.348E-03
0.177 -0.345E-03
0.178 -0.343E-03
0.179 -0.340E-03
0.180 -0.337E-03
0.181 -0.334E-03
0.182 -0.331E-03
0.183 -0.328E-03
0.184 -0.326E-03
0.185 -0.323E-03
0.186 -0.320E-03
0.187 -0.317E-03
0.188 -0.314E-03
0.189 -0.311E-03
0.190 -0.309E-03
0.191 -0.306E-03
0.192 -0.303E-03
0.193 -0.300E-03
0.194 -0.297E-03
0.195 -0.294E-03
0.196 -0.291E-03
0.197 -0.289E-03
0.198 -0.286E-03
0.199 -0.283E-03
0.200 -0.280E-03
0.201 -0.277E-03
0.202 -0.274E-03
0.203 -0.271E-03
0.204 -0.268E-03
0.205 -0.266E-03
0.206 -0.263E-03
0.207 -0.260E-03
0.208 -0.257E-03
0.209 -0.254E-03
0.210 -0.251E-03
0.211 -0.248E-03
0.212 -0.245E-03
0.213 -0.242E-03
0.214 -0.239E-03
0.215 -0.237E-03
0.216 -0.234E-03
0.217 -0.231E-03
0.218 -0.228E-03
0.219 -0.225E-03
0.220 -0.222E-03
0.221 -0.219E-03
0.222 -0.216E-03
0.223 -0.213E-03
0.224 -0.210E-03
0.225 -0.208E-03
0.226 -0.205E-03
0.227 -0.202E-03
0.228 -0.199E-03
0.229 -0.196E-03
0.230 -0.193E-03
0.231 -0.190E-03
0.232 -0.187E-03
0.233 -0.184E-03
0.234 -0.181E-03
0.235 -0.179E-03
0.236 -0.176E-03
0.237 -0.173E-03
0.238 -0.170E-03
0.239 -0.167E-03
0.240 -0.164E-03
0.241 -0.161E-03
0.242 -0.158E-03
0.243 -0.156E-03
0.244 -0.153E-03
0.245 -0.150E-03
0.246 -0.147E-03
0.247 -0.144E-03
0.248 -0.141E-03
0.249 -0.138E-03
0.250 -0.136E-03
0.251 -0.133E-03
0.252 -0.130E-03
0.253 -0.127E-03
0.254 -0.124E-03
0.255 -0.121E-03
0.256 -0.119E-03
0.257 -0.116E-03
0.258 -0.113E-03
0.259 -0.110E-03
0.260 -0.107E-03
0.261 -0.104E-03
0.262 -0.102E-03
0.263 -0.989E-04
0.264 -0.961E-04
0.265 -0.933E-04
0.266 -0.906E-04
0.267 -0.878E-04
0.268 -0.850E-04
0.269 -0.823E-04
0.270 -0.795E-04
0.271 -0.768E-04
0.272 -0.740E-04
0.273 -0.713E-04
0.274 -0.685E-04
0.275 -0.658E-04
0.276 -0.631E-04
0.277 -0.604E-04
0.278 -0.577E-04
0.279 -0.550E-04
0.280 -0.523E-04
0.281 -0.496E-04
0.282 -0.469E-04
0.283 -0.443E-04
0.284 -0.416E-04
0.285 -0.389E-04
0.286 -0.363E-04
0.287 -0.336E-04
0.288 -0.310E-04
0.289 -0.284E-04
0.290 -0.258E-04
0.291 -0.231E-04
0.292 -0.205E-04
0.293 -0.179E-04
0.294 -0.154E-04
0.295 -0.128E-04
0.296 -0.102E-04
0.297 -0.764E-05
0.298 -0.508E-05
0.299 -0.254E-05
0.300 0.590E-11
0.301 0.253E-05
0.302 0.505E-05
0.303 0.756E-05
0.304 0.101E-04
0.305 0.126E-04
0.306 0.150E-04
0.307 0.175E-04
0.308 0.200E-04
0.309 0.224E-04
0.310 0.249E-04
0.311 0.273E-04
0.312 0.297E-04
0.313 0.322E-04
0.314 0.346E-04
0.315 0.370E-04
0.316 0.394E-04
0.317 0.417E-04
0.318 0.441E-04
0.319 0.465E-04
0.320 0.488E-04
0.321 0.512E-04
0.322 0.535E-04
0.323 0.558E-04
0.324 0.581E-04
0.325 0.604E-04
0.326 0.627E-04
0.327 0.650E-04
0.328 0.672E-04
0.329 0.695E-04
0.330 0.717E-04
0.331 0.739E-04
0.332 0.762E-04
0.333 0.784E-04
0.334 0.806E-04
0.335 0.828E-04
0.336 0.849E-04
0.337 0.871E-04
0.338 0.892E-04
0.339 0.914E-04
0.340 0.935E-04
0.341 0.956E-04
0.342 0.977E-04
0.343 0.998E-04
0.344 0.102E-03
0.345 0.104E-03
0.346 0.106E-03
0.347 0.108E-03
0.348 0.110E-03
0.349 0.112E-03
0.350 0.114E-03
0.351 0.116E-03
0.352 0.118E-03
0.353 0.120E-03
0.354 0.122E-03
0.355 0.124E-03
0.356 0.126E-03
0.357 0.128E-03
0.358 0.130E-03
0.359 0.132E-03
0.360 0.134E-03
0.361 0.135E-03
0.362 0.137E-03
0.363 0.139E-03
0.364 0.141E-03
0.365 0.143E-03
0.366 0.145E-03
0.367 0.146E-03
0.368 0.148E-03
0.369 0.150E-03
0.370 0.152E-03
0.371 0.153E-03
0.372 0.155E-03
0.373 0.157E-03
0.374 0.159E-03
0.375 0.160E-03
0.376 0.162E-03
0.377 0.164E-03
0.378 0.165E-03
0.379 0.167E-03
0.380 0.169E-03
0.381 0.170E-03
0.382 0.172E-03
0.383 0.173E-03
0.384 0.175E-03
0.385 0.177E-03
0.386 0.178E-03
0.387 0.180E-03
0.388 0.181E-03
0.389 0.183E-03
0.390 0.184E-03
0.391 0.186E-03
0.392 0.187E-03
0.393 0.188E-03
0.394 0.190E-03
0.395 0.191E-03
0.396 0.193E-03
0.397 0.194E-03
0.398 0.196E-03
0.399 0.197E-03
0.400 0.198E-03
0.401 0.200E-03
0.402 0.201E-03
0.403 0.202E-03
0.404 0.204E-03
0.405 0.205E-03
0.406 0.206E-03
0.407 0.207E-03
0.408 0.209E-03
0.409 0.210E-03
0.410 0.211E-03
0.411 0.212E-03
0.412 0.213E-03
0.413 0.215E-03
0.414 0.216E-03
0.415 0.217E-03
0.416 0.218E-03
0.417 0.219E-03
0.418 0.220E-03
0.419 0.221E-03
0.420 0.223E-03
0.421 0.224E-03
0.422 0.225E-03
0.423 0.226E-03
0.424 0.227E-03
0.425 0.228E-03
0.426 0.229E-03
0.427 0.230E-03
0.428 0.231E-03
0.429 0.232E-03
0.430 0.233E-03
0.431 0.234E-03
0.432 0.234E-03
0.433 0.235E-03
0.434 0.236E-03
0.435 0.237E-03
0.436 0.238E-03
0.437 0.239E-03
0.438 0.240E-03
0.439 0.241E-03
0.440 0.241E-03
0.441 0.242E-03
0.442 0.243E-03
0.443 0.244E-03
0.444 0.244E-03
0.445 0.245E-03
0.446 0.246E-03
0.447 0.247E-03
0.448 0.247E-03
0.449 0.248E-03
0.450 0.249E-03
0.451 0.249E-03
0.452 0.250E-03
0.453 0.251E-03
0.454 0.251E-03
0.455 0.252E-03
0.456 0.252E-03
0.457 0.253E-03
0.458 0.254E-03
0.459 0.254E-03
0.460 0.255E-03
0.461 0.255E-03
0.462 0.256E-03
0.463 0.256E-03
0.464 0.257E-03
0.465 0.257E-03
0.466 0.258E-03
0.467 0.258E-03
0.468 0.259E-03
0.469 0.259E-03
0.470 0.259E-03
0.471 0.260E-03
0.472 0.260E-03
0.473 0.261E-03
0.474 0.261E-03
0.475 0.261E-03
0.476 0.262E-03
0.477 0.262E-03
0.478 0.262E-03
0.479 0.263E-03
0.480 0.263E-03
0.481 0.263E-03
0.482 0.264E-03
0.483 0.264E-03
0.484 0.264E-03
0.485 0.264E-03
0.486 0.265E-03
0.487 0.265E-03
0.488 0.265E-03
0.489 0.265E-03
0.490 0.265E-03
0.491 0.265E-03
0.492 0.266E-03
0.493 0.266E-03
0.494 0.266E-03
0.495 0.266E-03
0.496 0.266E-03
0.497 0.266E-03
0.498 0.266E-03
0.499 0.266E-03
0.500 0.266E-03
0.501 0.266E-03
0.502 0.266E-03
0.503 0.266E-03
0.504 0.267E-03
0.505 0.267E-03
0.506 0.266E-03
0.507 0.266E-03
0.508 0.266E-03
0.509 0.266E-03
0.510 0.266E-03
0.511 0.266E-03
0.512 0.266E-03
0.513 0.266E-03
0.514 0.266E-03
0.515 0.266E-03
0.516 0.266E-03
0.517 0.266E-03
0.518 0.266E-03
0.519 0.265E-03
0.520 0.265E-03
0.521 0.265E-03
0.522 0.265E-03
0.523 0.265E-03
0.524 0.265E-03
0.525 0.264E-03
0.526 0.264E-03
0.527 0.264E-03
0.528 0.264E-03
0.529 0.263E-03
0.530 0.263E-03
0.531 0.263E-03
0.532 0.263E-03
0.533 0.262E-03
0.534 0.262E-03
0.535 0.262E-03
0.536 0.261E-03
0.537 0.261E-03
0.538 0.261E-03
0.539 0.260E-03
0.540 0.260E-03
0.541 0.260E-03
0.542 0.259E-03
0.543 0.259E-03
0.544 0.259E-03
0.545 0.258E-03
0.546 0.258E-03
0.547 0.257E-03
0.548 0.257E-03
0.549 0.256E-03
0.550 0.256E-03
0.551 0.256E-03
0.552 0.255E-03
0.553 0.255E-03
0.554 0.254E-03
0.555 0.254E-03
0.556 0.253E-03
0.557 0.253E-03
0.558 0.252E-03
0.559 0.252E-03
0.560 0.251E-03
0.561 0.251E-03
0.562 0.250E-03
0.563 0.250E-03
0.564 0.249E-03
0.565 0.248E-03
0.566 0.248E-03
0.567 0.247E-03
0.568 0.247E-03
0.569 0.246E-03
0.570 0.246E-03
0.571 0.245E-03
0.572 0.244E-03
0.573 0.244E-03
0.574 0.243E-03
0.575 0.243E-03
0.576 0.242E-03
0.577 0.241E-03
0.578 0.241E-03
0.579 0.240E-03
0.580 0.239E-03
0.581 0.239E-03
0.582 0.238E-03
0.583 0.237E-03
0.584 0.237E-03
0.585 0.236E-03
0.586 0.235E-03
0.587 0.234E-03
0.588 0.234E-03
0.589 0.233E-03
0.590 0.232E-03
0.591 0.232E-03
0.592 0.231E-03
0.593 0.230E-03
0.594 0.229E-03
0.595 0.229E-03
0.596 0.228E-03
0.597 0.227E-03
0.598 0.226E-03
0.599 0.226E-03
0.600 0.225E-03
