0.001 0.602E+03
0.002 0.298E+03
0.003 0.193E+03
0.004 0.142E+03
0.005 0.112E+03
0.006 0.927E+02
0.007 0.789E+02
0.008 0.686E+02
0.009 0.608E+02
0.010 0.544E+02
0.011 0.495E+02
0.012 0.452E+02
0.013 0.417E+02
0.014 0.387E+02
0.015 0.360E+02
0.016 0.338E+02
0.017 0.317E+02
0.018 0.299E+02
0.019 0.284E+02
0.020 0.269E+02
0.021 0.256E+02
0.022 0.244E+02
0.023 0.234E+02
0.024 0.224E+02
0.025 0.215E+02
0.026 0.207E+02
0.027 0.199E+02
0.028 0.192E+02
0.029 0.186E+02
0.030 0.179E+02
0.031 0.173E+02
0.032 0.168E+02
0.033 0.163E+02
0.034 0.158E+02
0.035 0.154E+02
0.036 0.149E+02
0.037 0.145E+02
0.038 0.142E+02
0.039 0.138E+02
0.040 0.135E+02
0.041 0.131E+02
0.042 0.128E+02
0.043 0.125E+02
0.044 0.122E+02
0.045 0.120E+02
0.046 0.117E+02
0.047 0.115E+02
0.048 0.112E+02
0.049 0.110E+02
0.050 0.108E+02
0.051 0.106E+02
0.052 0.103E+02
0.053 0.102E+02
0.054 0.997E+01
0.055 0.979E+01
0.056 0.962E+01
0.057 0.945E+01
0.058 0.928E+01
0.059 0.912E+01
0.060 0.896E+01
0.061 0.882E+01
0.062 0.868E+01
0.063 0.854E+01
0.064 0.841E+01
0.065 0.828E+01
0.066 0.815E+01
0.067 0.803E+01
0.068 0.791E+01
0.069 0.779E+01
0.070 0.768E+01
0.071 0.757E+01
0.072 0.746E+01
0.073 0.736E+01
0.074 0.726E+01
0.075 0.716E+01
0.076 0.707E+01
0.077 0.697E+01
0.078 0.688E+01
0.079 0.679E+01
0.080 0.670E+01
0.081 0.662E+01
0.082 0.654E+01
0.083 0.646E+01
0.084 0.638E+01
0.085 0.630E+01
0.086 0.623E+01
0.087 0.615E+01
0.088 0.608E+01
0.089 0.601E+01
0.090 0.594E+01
0.091 0.587E+01
0.092 0.581E+01
0.093 0.574E+01
0.094 0.568E+01
0.095 0.562E+01
0.096 0.556E+01
0.097 0.550E+01
0.098 0.544E+01
0.099 0.538E+01
0.100 0.532E+01
0.101 0.527E+01
0.102 0.521E+01
0.103 0.516E+01
0.104 0.511E+01
0.105 0.506E+01
0.106 0.501E+01
0.107 0.496E+01
0.108 0.491E+01
0.109 0.486E+01
0.110 0.481E+01
0.111 0.477E+01
0.112 0.472E+01
0.113 0.468E+01
0.114 0.463E+01
0.115 0.459E+01
0.116 0.455E+01
0.117 0.451E+01
0.118 0.446E+01
0.119 0.442E+01
0.120 0.439E+01
0.121 0.435E+01
0.122 0.431E+01
0.123 0.427E+01
0.124 0.423E+01
0.125 0.419E+01
0.126 0.416E+01
0.127 0.412E+01
0.128 0.409E+01
0.129 0.405E+01
0.130 0.402E+01
0.131 0.398E+01
0.132 0.395E+01
0.133 0.392E+01
0.134 0.389E+01
0.135 0.385E+01
0.136 0.382E+01
0.137 0.379E+01
0.138 0.376E+01
0.139 0.373E+01
0.140 0.370E+01
0.141 0.367E+01
0.142 0.364E+01
0.143 0.361E+01
0.144 0.358E+01
0.145 0.356E+01
0.146 0.353E+01
0.147 0.350E+01
0.148 0.347E+01
0.149 0.345E+01
0.150 0.342E+01
0.151 0.340E+01
0.152 0.337E+01
0.153 0.334E+01
0.154 0.332E+01
0.155 0.329E+01
0.156 0.327E+01
0.157 0.325E+01
0.158 0.322E+01
0.159 0.320E+01
0.160 0.317E+01
0.161 0.315E+01
0.162 0.313E+01
0.163 0.311E+01
0.164 0.308E+01
0.165 0.306E+01
0.166 0.304E+01
0.167 0.302E+01
0.168 0.300E+01
0.169 0.298E+01
0.170 0.296E+01
0.171 0.293E+01
0.172 0.291E+01
0.173 0.289E+01
0.174 0.287E+01
0.175 0.285E+01
0.176 0.283E+01
0.177 0.281E+01
0.178 0.280E+01
0.179 0.278E+01
0.180 0.276E+01
0.181 0.274E+01
0.182 0.272E+01
0.183 0.270E+01
0.184 0.268E+01
0.185 0.267E+01
0.186 0.265E+01
0.187 0.263E+01
0.188 0.261E+01
0.189 0.259E+01
0.190 0.258E+01
0.191 0.256E+01
0.192 0.254E+01
0.193 0.253E+01
0.194 0.251E+01
0.195 0.249E+01
0.196 0.248E+01
0.197 0.246E+01
0.198 0.245E+01
0.199 0.243E+01
0.200 0.241E+01
0.201 0.240E+01
0.202 0.238E+01
0.203 0.237E+01
0.204 0.235E+01
0.205 0.234E+01
0.206 0.232E+01
0.207 0.231E+01
0.208 0.229E+01
0.209 0.228E+01
0.210 0.227E+01
0.211 0.225E+01
0.212 0.224E+01
0.213 0.222E+01
0.214 0.221E+01
0.215 0.220E+01
0.216 0.218E+01
0.217 0.217E+01
0.218 0.215E+01
0.219 0.214E+01
0.220 0.213E+01
0.221 0.211E+01
0.222 0.210E+01
0.223 0.209E+01
0.224 0.208E+01
0.225 0.206E+01
0.226 0.205E+01
0.227 0.204E+01
0.228 0.203E+01
0.229 0.201E+01
0.230 0.200E+01
0.231 0.199E+01
0.232 0.198E+01
0.233 0.196E+01
0.234 0.195E+01
0.235 0.194E+01
0.236 0.193E+01
0.237 0.192E+01
0.238 0.191E+01
0.239 0.189E+01
0.240 0.188E+01
0.241 0.187E+01
0.242 0.186E+01
0.243 0.185E+01
0.244 0.184E+01
0.245 0.183E+01
0.246 0.182E+01
0.247 0.181E+01
0.248 0.180E+01
0.249 0.178E+01
0.250 0.177E+01
0.251 0.176E+01
0.252 0.175E+01
0.253 0.174E+01
0.254 0.173E+01
0.255 0.172E+01
0.256 0.171E+01
0.257 0.170E+01
0.258 0.169E+01
0.259 0.168E+01
0.260 0.167E+01
0.261 0.166E+01
0.262 0.165E+01
0.263 0.164E+01
0.264 0.163E+01
0.265 0.162E+01
0.266 0.161E+01
0.267 0.160E+01
0.268 0.160E+01
0.269 0.159E+01
0.270 0.158E+01
0.271 0.157E+01
0.272 0.156E+01
0.273 0.155E+01
0.274 0.154E+01
0.275 0.153E+01
0.276 0.152E+01
0.277 0.151E+01
0.278 0.150E+01
0.279 0.150E+01
0.280 0.149E+01
0.281 0.148E+01
0.282 0.147E+01
0.283 0.146E+01
0.284 0.145E+01
0.285 0.144E+01
0.286 0.144E+01
0.287 0.143E+01
0.288 0.142E+01
0.289 0.141E+01
0.290 0.140E+01
0.291 0.139E+01
0.292 0.139E+01
0.293 0.138E+01
0.294 0.137E+01
0.295 0.136E+01
0.296 0.135E+01
0.297 0.135E+01
0.298 0.134E+01
0.299 0.133E+01
0.300 0.132E+01
0.301 0.132E+01
0.302 0.131E+01
0.303 0.130E+01
0.304 0.129E+01
0.305 0.129E+01
0.306 0.128E+01
0.307 0.127E+01
0.308 0.126E+01
0.309 0.126E+01
0.310 0.125E+01
0.311 0.124E+01
0.312 0.123E+01
0.313 0.123E+01
0.314 0.122E+01
0.315 0.121E+01
0.316 0.121E+01
0.317 0.120E+01
0.318 0.119E+01
0.319 0.119E+01
0.320 0.118E+01
0.321 0.117E+01
0.322 0.116E+01
0.323 0.116E+01
0.324 0.115E+01
0.325 0.114E+01
0.326 0.114E+01
0.327 0.113E+01
0.328 0.112E+01
0.329 0.112E+01
0.330 0.111E+01
0.331 0.111E+01
0.332 0.110E+01
0.333 0.109E+01
0.334 0.109E+01
0.335 0.108E+01
0.336 0.107E+01
0.337 0.107E+01
0.338 0.106E+01
0.339 0.105E+01
0.340 0.105E+01
0.341 0.104E+01
0.342 0.104E+01
0.343 0.103E+01
0.344 0.102E+01
0.345 0.102E+01
0.346 0.101E+01
0.347 0.101E+01
0.348 0.100E+01
0.349 0.995E+00
0.350 0.989E+00
0.351 0.983E+00
0.352 0.977E+00
0.353 0.972E+00
0.354 0.966E+00
0.355 0.960E+00
0.356 0.955E+00
0.357 0.949E+00
0.358 0.943E+00
0.359 0.938E+00
0.360 0.932E+00
0.361 0.927E+00
0.362 0.921E+00
0.363 0.916E+00
0.364 0.911E+00
0.365 0.905E+00
0.366 0.900E+00
0.367 0.894E+00
0.368 0.889E+00
0.369 0.884E+00
0.370 0.879E+00
0.371 0.873E+00
0.372 0.868E+00
0.373 0.863E+00
0.374 0.858E+00
0.375 0.853E+00
0.376 0.848E+00
0.377 0.842E+00
0.378 0.837E+00
0.379 0.832E+00
0.380 0.827E+00
0.381 0.822E+00
0.382 0.818E+00
0.383 0.813E+00
0.384 0.808E+00
0.385 0.803E+00
0.386 0.798E+00
0.387 0.793E+00
0.388 0.788E+00
0.389 0.784E+00
0.390 0.779E+00
0.391 0.774E+00
0.392 0.770E+00
0.393 0.765E+00
0.394 0.760E+00
0.395 0.756E+00
0.396 0.751E+00
0.397 0.746E+00
0.398 0.742E+00
0.399 0.737E+00
0.400 0.733E+00
0.401 0.728E+00
0.402 0.724E+00
0.403 0.719E+00
0.404 0.715E+00
0.405 0.711E+00
0.406 0.706E+00
0.407 0.702E+00
0.408 0.698E+00
0.409 0.693E+00
0.410 0.689E+00
0.411 0.685E+00
0.412 0.680E+00
0.413 0.676E+00
0.414 0.672E+00
0.415 0.668E+00
0.416 0.664E+00
0.417 0.660E+00
0.418 0.655E+00
0.419 0.651E+00
0.420 0.647E+00
0.421 0.643E+00
0.422 0.639E+00
0.423 0.635E+00
0.424 0.631E+00
0.425 0.627E+00
0.426 0.623E+00
0.427 0.619E+00
0.428 0.615E+00
0.429 0.611E+00
0.430 0.608E+00
0.431 0.604E+00
0.432 0.600E+00
0.433 0.596E+00
0.434 0.592E+00
0.435 0.589E+00
0.436 0.585E+00
0.437 0.581E+00
0.438 0.577E+00
0.439 0.574E+00
0.440 0.570E+00
0.441 0.566E+00
0.442 0.563E+00
0.443 0.559E+00
0.444 0.555E+00
0.445 0.552E+00
0.446 0.548E+00
0.447 0.545E+00
0.448 0.541E+00
0.449 0.538E+00
0.450 0.534E+00
0.451 0.531E+00
0.452 0.527E+00
0.453 0.524E+00
0.454 0.520E+00
0.455 0.517E+00
0.456 0.513E+00
0.457 0.510E+00
0.458 0.507E+00
0.459 0.503E+00
0.460 0.500E+00
0.461 0.497E+00
0.462 0.493E+00
0.463 0.490E+00
0.464 0.487E+00
0.465 0.484E+00
0.466 0.480E+00
0.467 0.477E+00
0.468 0.474E+00
0.469 0.471E+00
0.470 0.468E+00
0.471 0.465E+00
0.472 0.461E+00
0.473 0.458E+00
0.474 0.455E+00
0.475 0.452E+00
0.476 0.449E+00
0.477 0.446E+00
0.478 0.443E+00
0.479 0.440E+00
0.480 0.437E+00
0.481 0.434E+00
0.482 0.431E+00
0.483 0.428E+00
0.484 0.425E+00
0.485 0.422E+00
0.486 0.419E+00
0.487 0.416E+00
0.488 0.413E+00
0.489 0.411E+00
0.490 0.408E+00
0.491 0.405E+00
0.492 0.402E+00
0.493 0.399E+00
0.494 0.397E+00
0.495 0.394E+00
0.496 0.391E+00
0.497 0.388E+00
0.498 0.386E+00
0.499 0.383E+00
0.500 0.380E+00
0.501 0.377E+00
0.502 0.375E+00
0.503 0.372E+00
0.504 0.369E+00
0.505 0.367E+00
0.506 0.364E+00
0.507 0.362E+00
0.508 0.359E+00
0.509 0.356E+00
0.510 0.354E+00
0.511 0.351E+00
0.512 0.349E+00
0.513 0.346E+00
0.514 0.344E+00
0.515 0.341E+00
0.516 0.339E+00
0.517 0.336E+00
0.518 0.334E+00
0.519 0.331E+00
0.520 0.329E+00
0.521 0.327E+00
0.522 0.324E+00
0.523 0.322E+00
0.524 0.319E+00
0.525 0.317E+00
0.526 0.315E+00
0.527 0.312E+00
0.528 0.310E+00
0.529 0.308E+00
0.530 0.305E+00
0.531 0.303E+00
0.532 0.301E+00
0.533 0.299E+00
0.534 0.296E+00
0.535 0.294E+00
0.536 0.292E+00
0.537 0.290E+00
0.538 0.287E+00
0.539 0.285E+00
0.540 0.283E+00
0.541 0.281E+00
0.542 0.279E+00
0.543 0.277E+00
0.544 0.274E+00
0.545 0.272E+00
0.546 0.270E+00
0.547 0.268E+00
0.548 0.266E+00
0.549 0.264E+00
0.550 0.262E+00
0.551 0.260E+00
0.552 0.258E+00
0.553 0.256E+00
0.554 0.254E+00
0.555 0.252E+00
0.556 0.250E+00
0.557 0.248E+00
0.558 0.246E+00
0.559 0.244E+00
0.560 0.242E+00
0.561 0.240E+00
0.562 0.238E+00
0.563 0.236E+00
0.564 0.234E+00
0.565 0.233E+00
0.566 0.231E+00
0.567 0.229E+00
0.568 0.227E+00
0.569 0.225E+00
0.570 0.223E+00
0.571 0.221E+00
0.572 0.220E+00
0.573 0.218E+00
0.574 0.216E+00
0.575 0.214E+00
0.576 0.212E+00
0.577 0.211E+00
0.578 0.209E+00
0.579 0.207E+00
0.580 0.206E+00
0.581 0.204E+00
0.582 0.202E+00
0.583 0.200E+00
0.584 0.199E+00
0.585 0.197E+00
0.586 0.195E+00
0.587 0.194E+00
0.588 0.192E+00
0.589 0.191E+00
0.590 0.189E+00
0.591 0.187E+00
0.592 0.186E+00
0.593 0.184E+00
0.594 0.182E+00
0.595 0.181E+00
0.596 0.179E+00
0.597 0.178E+00
0.598 0.176E+00
0.599 0.175E+00
0.600 0.173E+00
0.601 0.172E+00
0.602 0.170E+00
0.603 0.169E+00
0.604 0.167E+00
0.605 0.166E+00
0.606 0.164E+00
0.607 0.163E+00
0.608 0.161E+00
0.609 0.160E+00
0.610 0.158E+00
0.611 0.157E+00
0.612 0.156E+00
0.613 0.154E+00
0.614 0.153E+00
0.615 0.151E+00
0.616 0.150E+00
0.617 0.149E+00
0.618 0.147E+00
0.619 0.146E+00
0.620 0.145E+00
0.621 0.143E+00
0.622 0.142E+00
0.623 0.141E+00
0.624 0.139E+00
0.625 0.138E+00
0.626 0.137E+00
0.627 0.136E+00
0.628 0.134E+00
0.629 0.133E+00
0.630 0.132E+00
0.631 0.131E+00
0.632 0.129E+00
0.633 0.128E+00
0.634 0.127E+00
0.635 0.126E+00
0.636 0.124E+00
0.637 0.123E+00
0.638 0.122E+00
0.639 0.121E+00
0.640 0.120E+00
0.641 0.119E+00
0.642 0.117E+00
0.643 0.116E+00
0.644 0.115E+00
0.645 0.114E+00
0.646 0.113E+00
0.647 0.112E+00
0.648 0.111E+00
0.649 0.110E+00
0.650 0.108E+00
0.651 0.107E+00
0.652 0.106E+00
0.653 0.105E+00
0.654 0.104E+00
0.655 0.103E+00
0.656 0.102E+00
0.657 0.101E+00
0.658 0.100E+00
0.659 0.990E-01
0.660 0.980E-01
0.661 0.970E-01
0.662 0.960E-01
0.663 0.950E-01
0.664 0.940E-01
0.665 0.930E-01
0.666 0.921E-01
0.667 0.911E-01
0.668 0.902E-01
0.669 0.892E-01
0.670 0.883E-01
0.671 0.873E-01
0.672 0.864E-01
0.673 0.855E-01
0.674 0.846E-01
0.675 0.837E-01
0.676 0.828E-01
0.677 0.819E-01
0.678 0.810E-01
0.679 0.801E-01
0.680 0.793E-01
0.681 0.784E-01
0.682 0.775E-01
0.683 0.767E-01
0.684 0.758E-01
0.685 0.750E-01
0.686 0.742E-01
0.687 0.733E-01
0.688 0.725E-01
0.689 0.717E-01
0.690 0.709E-01
0.691 0.701E-01
0.692 0.693E-01
0.693 0.685E-01
0.694 0.678E-01
0.695 0.670E-01
0.696 0.662E-01
0.697 0.655E-01
0.698 0.647E-01
0.699 0.640E-01
0.700 0.632E-01
0.701 0.625E-01
0.702 0.618E-01
0.703 0.610E-01
0.704 0.603E-01
0.705 0.596E-01
0.706 0.589E-01
0.707 0.582E-01
0.708 0.575E-01
0.709 0.568E-01
0.710 0.561E-01
0.711 0.555E-01
0.712 0.548E-01
0.713 0.541E-01
0.714 0.535E-01
0.715 0.528E-01
0.716 0.522E-01
0.717 0.515E-01
0.718 0.509E-01
0.719 0.503E-01
0.720 0.497E-01
0.721 0.490E-01
0.722 0.484E-01
0.723 0.478E-01
0.724 0.472E-01
0.725 0.466E-01
0.726 0.460E-01
0.727 0.454E-01
0.728 0.449E-01
0.729 0.443E-01
0.730 0.437E-01
0.731 0.432E-01
0.732 0.426E-01
0.733 0.420E-01
0.734 0.415E-01
0.735 0.409E-01
0.736 0.404E-01
0.737 0.399E-01
0.738 0.393E-01
0.739 0.388E-01
0.740 0.383E-01
0.741 0.378E-01
0.742 0.373E-01
0.743 0.368E-01
0.744 0.363E-01
0.745 0.358E-01
0.746 0.353E-01
0.747 0.348E-01
0.748 0.344E-01
0.749 0.339E-01
0.750 0.334E-01
0.751 0.329E-01
0.752 0.325E-01
0.753 0.320E-01
0.754 0.316E-01
0.755 0.311E-01
0.756 0.307E-01
0.757 0.302E-01
0.758 0.298E-01
0.759 0.294E-01
0.760 0.289E-01
0.761 0.285E-01
0.762 0.281E-01
0.763 0.277E-01
0.764 0.273E-01
0.765 0.269E-01
0.766 0.265E-01
0.767 0.261E-01
0.768 0.257E-01
0.769 0.253E-01
0.770 0.250E-01
0.771 0.246E-01
0.772 0.242E-01
0.773 0.238E-01
0.774 0.235E-01
0.775 0.231E-01
0.776 0.228E-01
0.777 0.224E-01
0.778 0.220E-01
0.779 0.217E-01
0.780 0.214E-01
0.781 0.210E-01
0.782 0.207E-01
0.783 0.204E-01
0.784 0.200E-01
0.785 0.197E-01
0.786 0.194E-01
0.787 0.191E-01
0.788 0.188E-01
0.789 0.185E-01
0.790 0.182E-01
0.791 0.179E-01
0.792 0.176E-01
0.793 0.173E-01
0.794 0.170E-01
0.795 0.167E-01
0.796 0.164E-01
0.797 0.161E-01
0.798 0.159E-01
0.799 0.156E-01
0.800 0.153E-01
0.801 0.150E-01
0.802 0.148E-01
0.803 0.145E-01
0.804 0.143E-01
0.805 0.140E-01
0.806 0.138E-01
0.807 0.135E-01
0.808 0.133E-01
0.809 0.130E-01
0.810 0.128E-01
0.811 0.126E-01
0.812 0.123E-01
0.813 0.121E-01
0.814 0.119E-01
0.815 0.117E-01
0.816 0.115E-01
0.817 0.112E-01
0.818 0.110E-01
0.819 0.108E-01
0.820 0.106E-01
0.821 0.104E-01
0.822 0.102E-01
0.823 0.100E-01
0.824 0.980E-02
0.825 0.961E-02
0.826 0.942E-02
0.827 0.923E-02
0.828 0.904E-02
0.829 0.885E-02
0.830 0.867E-02
0.831 0.850E-02
0.832 0.833E-02
0.833 0.816E-02
0.834 0.799E-02
0.835 0.783E-02
0.836 0.766E-02
0.837 0.750E-02
0.838 0.735E-02
0.839 0.719E-02
0.840 0.704E-02
0.841 0.688E-02
0.842 0.673E-02
0.843 0.659E-02
0.844 0.644E-02
0.845 0.630E-02
0.846 0.615E-02
0.847 0.602E-02
0.848 0.588E-02
0.849 0.574E-02
0.850 0.561E-02
0.851 0.548E-02
0.852 0.535E-02
0.853 0.522E-02
0.854 0.510E-02
0.855 0.498E-02
0.856 0.486E-02
0.857 0.475E-02
0.858 0.463E-02
0.859 0.452E-02
0.860 0.442E-02
0.861 0.431E-02
0.862 0.420E-02
0.863 0.410E-02
0.864 0.400E-02
0.865 0.389E-02
0.866 0.379E-02
0.867 0.370E-02
0.868 0.360E-02
0.869 0.351E-02
0.870 0.341E-02
0.871 0.332E-02
0.872 0.323E-02
0.873 0.314E-02
0.874 0.306E-02
0.875 0.297E-02
0.876 0.289E-02
0.877 0.280E-02
0.878 0.272E-02
0.879 0.265E-02
0.880 0.257E-02
0.881 0.250E-02
0.882 0.243E-02
0.883 0.236E-02
0.884 0.230E-02
0.885 0.223E-02
0.886 0.216E-02
0.887 0.210E-02
0.888 0.204E-02
0.889 0.197E-02
0.890 0.191E-02
0.891 0.185E-02
0.892 0.179E-02
0.893 0.174E-02
0.894 0.168E-02
0.895 0.163E-02
0.896 0.157E-02
0.897 0.152E-02
0.898 0.147E-02
0.899 0.142E-02
0.900 0.137E-02
0.901 0.132E-02
0.902 0.127E-02
0.903 0.122E-02
0.904 0.118E-02
0.905 0.114E-02
0.906 0.111E-02
0.907 0.107E-02
0.908 0.103E-02
0.909 0.993E-03
0.910 0.956E-03
0.911 0.921E-03
0.912 0.886E-03
0.913 0.852E-03
0.914 0.819E-03
0.915 0.787E-03
0.916 0.755E-03
0.917 0.724E-03
0.918 0.694E-03
0.919 0.665E-03
0.920 0.636E-03
0.921 0.608E-03
0.922 0.581E-03
0.923 0.554E-03
0.924 0.528E-03
0.925 0.503E-03
0.926 0.479E-03
0.927 0.456E-03
0.928 0.437E-03
0.929 0.418E-03
0.930 0.400E-03
0.931 0.383E-03
0.932 0.366E-03
0.933 0.349E-03
0.934 0.332E-03
0.935 0.316E-03
0.936 0.301E-03
0.937 0.286E-03
0.938 0.271E-03
0.939 0.256E-03
0.940 0.242E-03
0.941 0.229E-03
0.942 0.216E-03
0.943 0.203E-03
0.944 0.191E-03
0.945 0.179E-03
0.946 0.167E-03
0.947 0.156E-03
0.948 0.145E-03
0.949 0.135E-03
0.950 0.125E-03
0.951 0.116E-03
0.952 0.109E-03
0.953 0.103E-03
0.954 0.975E-04
0.955 0.919E-04
0.956 0.865E-04
0.957 0.813E-04
0.958 0.762E-04
0.959 0.712E-04
0.960 0.664E-04
0.961 0.618E-04
0.962 0.573E-04
0.963 0.530E-04
0.964 0.488E-04
0.965 0.448E-04
0.966 0.409E-04
0.967 0.372E-04
0.968 0.336E-04
0.969 0.302E-04
0.970 0.269E-04
0.971 0.238E-04
0.972 0.209E-04
0.973 0.181E-04
0.974 0.154E-04
0.975 0.129E-04
0.976 0.106E-04
0.977 0.837E-05
0.978 0.633E-05
0.979 0.447E-05
0.980 0.279E-05
0.981 0.125E-05
0.982 0.230E-22
0.983 0.224E-22
0.984 0.217E-22
0.985 0.210E-22
0.986 0.202E-22
0.987 0.193E-22
0.988 0.183E-22
0.989 0.172E-22
0.990 0.161E-22
0.991 0.148E-22
0.992 0.135E-22
0.993 0.121E-22
0.994 0.106E-22
0.995 0.908E-23
0.996 0.743E-23
0.997 0.569E-23
0.998 0.388E-23
