0.01 0.00128112
0.02 0.000936888
0.03 0.000675234
0.04 0.000476384
0.05 0.000322589
0.06 0.000200714
0.07 0.000101457
0.08 1.83847e-05
0.09 -5.28595e-05
0.1 -0.000115163
0.11 -0.000170398
0.12 -0.000219764
0.13 -0.000264017
0.14 -0.000303622
0.15 -0.000338878
0.16 -0.000369981
0.17 -0.000397061
0.18 -0.000420233
0.19 -0.00043963
0.2 -0.000455402
0.21 -0.000467723
0.22 -0.000476764
0.23 -0.000482717
0.24 -0.000485791
0.25 -0.000486205
0.26 -0.000484188
0.27 -0.000479966
0.28 -0.000473766
0.29 -0.000465807
0.3 -0.000456306
0.31 -0.00044547
0.32 -0.000433498
0.33 -0.000420575
0.34 -0.000406875
0.35 -0.00039256
0.36 -0.00037778
0.37 -0.000362669
0.38 -0.000347354
0.39 -0.000331946
0.4 -0.000316543
0.41 -0.000301233
0.42 -0.000286093
0.43 -0.000271195
0.44 -0.000256593
0.48 -0.000202025
0.49 -0.000189497
0.5 -0.000177454
