0.01 0.00158436
0.02 0.00107878
0.03 0.00070692
0.04 0.000433604
0.05 0.00023075
0.06 7.79706e-05
0.07 -3.92085e-05
0.08 -0.000130969
0.09 -0.000204403
0.1 -0.000264402
0.11 -0.000314306
0.12 -0.00035639
0.13 -0.000392193
0.14 -0.000422747
0.15 -0.000448753
0.16 -0.000470694
0.17 -0.000488895
0.18 -0.0005036
0.19 -0.00051502
0.2 -0.000523354
0.21 -0.000528788
0.22 -0.000531498
0.23 -0.000531659
0.24 -0.000529457
0.25 -0.000525087
0.26 -0.000518747
0.27 -0.000510629
0.28 -0.000500926
0.29 -0.00048983
0.3 -0.000477519
0.31 -0.000464175
0.32 -0.000449968
0.33 -0.000435059
0.34 -0.000419594
0.35 -0.000403714
0.36 -0.000387547
0.37 -0.00037121
0.38 -0.000354812
0.39 -0.000338449
0.4 -0.000322206
0.41 -0.000306156
0.42 -0.000290368
0.43 -0.0002749
0.44 -0.0002598
0.45 -0.000245109
0.46 -0.00023086
0.47 -0.000217081
0.48 -0.000203794
0.49 -0.000191015
0.5 -0.000178754
