0.01 0.000977887
0.02 0.000794996
0.03 0.000643551
0.04 0.00051916
0.05 0.000414429
0.06 0.000323458
0.07 0.000242122
0.08 0.000167738
0.09 9.86841e-05
0.1 3.40764e-05
0.11 -2.6489e-05
0.12 -8.31382e-05
0.13 -0.000135841
0.14 -0.000184499
0.15 -0.000229003
0.16 -0.000269267
0.17 -0.000305225
0.18 -0.000336866
0.19 -0.000364238
0.2 -0.000387452
0.21 -0.000406659
0.22 -0.000422033
0.23 -0.000433778
0.24 -0.000442126
0.25 -0.000447323
0.26 -0.000449628
0.27 -0.000449304
0.28 -0.000446606
0.29 -0.000441786
0.3 -0.000435093
0.31 -0.000426765
0.32 -0.000417024
0.33 -0.000406091
0.34 -0.000394159
0.35 -0.000381409
0.36 -0.000368014
0.37 -0.00035413
0.38 -0.000339897
0.39 -0.000325443
0.4 -0.00031088
0.41 -0.000296309
0.42 -0.000281819
0.43 -0.000267489
0.44 -0.000253386
0.45 -0.000239567
0.46 -0.00022608
0.47 -0.000212965
0.48 -0.000200256
0.49 -0.00018798
0.5 -0.000176156
