* x   Q2    y   Events(N)  1/sqrt(N)    Sigma-bin  
* Sigma=246620.000000 (pb), Nevents=900188.000000 Lumi=10.000000(fb-1), Nev_ext=2466200000.000000 Coef =2739.649940 
 0.000794 	 2.371374 	 0.950000 	 2093092 	 0.000691 	 209.309255 	 
 0.001259 	 2.371374 	 0.784854 	 39415343 	 0.000159 	 3941.534368 	 
 0.001259 	 4.216965 	 0.950000 	 2032820 	 0.000701 	 203.282026 	 
 0.001995 	 2.371374 	 0.495209 	 60269559 	 0.000129 	 6026.955903 	 
 0.001995 	 4.216965 	 0.880620 	 34070286 	 0.000171 	 3407.028665 	 
 0.001995 	 7.498942 	 0.950000 	 24656 	 0.006368 	 2.465685 	 
 0.003162 	 2.371374 	 0.312456 	 70992548 	 0.000119 	 7099.254889 	 
 0.003162 	 4.216965 	 0.555634 	 54921762 	 0.000135 	 5492.176234 	 
 0.003162 	 7.498942 	 0.988072 	 14481789 	 0.000263 	 1448.178958 	 
 0.005012 	 2.371374 	 0.197146 	 75622557 	 0.000115 	 7562.255729 	 
 0.005012 	 4.216965 	 0.350581 	 61847597 	 0.000127 	 6184.759739 	 
 0.005012 	 7.498942 	 0.623432 	 32873059 	 0.000174 	 3287.305963 	 
 0.005012 	 13.335214 	 0.950000 	 6027229 	 0.000407 	 602.722987 	 
 0.007943 	 2.371374 	 0.124391 	 78641651 	 0.000113 	 7864.165152 	 
 0.007943 	 4.216965 	 0.221202 	 65496811 	 0.000124 	 6549.681111 	 
 0.007943 	 7.498942 	 0.393359 	 38563312 	 0.000161 	 3856.331255 	 
 0.007943 	 13.335214 	 0.699502 	 21224068 	 0.000217 	 2122.406808 	 
 0.007943 	 23.713737 	 0.950000 	 1805429 	 0.000744 	 180.542931 	 
 0.012589 	 2.371374 	 0.078485 	 80285441 	 0.000112 	 8028.544149 	 
 0.012589 	 4.216965 	 0.139569 	 67874827 	 0.000121 	 6787.482726 	 
 0.012589 	 7.498942 	 0.248193 	 43782345 	 0.000151 	 4378.234569 	 
 0.012589 	 13.335214 	 0.441356 	 24497949 	 0.000202 	 2449.794976 	 
 0.012589 	 23.713737 	 0.784854 	 10668196 	 0.000306 	 1066.819687 	 
 0.012589 	 42.169650 	 0.950000 	 199994 	 0.002236 	 19.999445 	 
 0.019953 	 2.371374 	 0.049521 	 47105541 	 0.000146 	 4710.554106 	 
 0.019953 	 4.216965 	 0.088062 	 69096711 	 0.000120 	 6909.671113 	 
 0.019953 	 7.498942 	 0.156599 	 46628841 	 0.000146 	 4662.884198 	 
 0.019953 	 13.335214 	 0.278477 	 25665040 	 0.000197 	 2566.504064 	 
 0.019953 	 23.713737 	 0.495209 	 13292781 	 0.000274 	 1329.278151 	 
 0.019953 	 42.169650 	 0.880620 	 4651925 	 0.000464 	 465.192560 	 
 0.019953 	 74.989421 	 0.950000 	 2739 	 0.019105 	 0.273965 	 
 0.031623 	 2.371374 	 0.031246 	 375332 	 0.001632 	 37.533204 	 
 0.031623 	 4.216965 	 0.055563 	 45100117 	 0.000149 	 4510.011731 	 
 0.031623 	 7.498942 	 0.098807 	 45878177 	 0.000148 	 4587.817789 	 
 0.031623 	 13.335214 	 0.175707 	 26862267 	 0.000193 	 2686.226766 	 
 0.031623 	 23.713737 	 0.312456 	 13544829 	 0.000272 	 1354.482930 	 
 0.031623 	 42.169650 	 0.555634 	 6745018 	 0.000385 	 674.501815 	 
 0.031623 	 74.989421 	 0.988072 	 1608174 	 0.000789 	 160.817451 	 
 0.050119 	 4.216965 	 0.035058 	 2775265 	 0.000600 	 277.526539 	 
 0.050119 	 7.498942 	 0.062343 	 35804485 	 0.000167 	 3580.448506 	 
 0.050119 	 13.335214 	 0.110864 	 26982812 	 0.000193 	 2698.281226 	 
 0.050119 	 23.713737 	 0.197146 	 14539322 	 0.000262 	 1453.932223 	 
 0.050119 	 42.169650 	 0.350581 	 7229936 	 0.000372 	 722.993619 	 
 0.050119 	 74.989421 	 0.623432 	 3583462 	 0.000528 	 358.346212 	 
 0.050119 	 133.352143 	 0.950000 	 396391 	 0.001588 	 39.639177 	 
 0.079433 	 7.498942 	 0.039336 	 5402589 	 0.000430 	 540.258968 	 
 0.079433 	 13.335214 	 0.069950 	 24163712 	 0.000203 	 2416.371247 	 
 0.079433 	 23.713737 	 0.124391 	 14068102 	 0.000267 	 1406.810244 	 
 0.079433 	 42.169650 	 0.221202 	 7665540 	 0.000361 	 766.554053 	 
 0.079433 	 74.989421 	 0.393359 	 3547846 	 0.000531 	 354.784667 	 
 0.079433 	 133.352143 	 0.699502 	 1291891 	 0.000880 	 129.189142 	 
 0.079433 	 237.137371 	 0.950000 	 101831 	 0.003134 	 10.183168 	 
 0.125893 	 13.335214 	 0.044136 	 6251881 	 0.000400 	 625.188116 	 
 0.125893 	 23.713737 	 0.078485 	 13810575 	 0.000269 	 1381.057535 	 
 0.125893 	 42.169650 	 0.139569 	 7334042 	 0.000369 	 733.404289 	 
 0.125893 	 74.989421 	 0.248193 	 3662911 	 0.000523 	 366.291197 	 
 0.125893 	 133.352143 	 0.441356 	 1447895 	 0.000831 	 144.789530 	 
 0.125893 	 237.137371 	 0.784854 	 571190 	 0.001323 	 57.119008 	 
 0.125893 	 421.696503 	 0.950000 	 14663 	         0.008258 	 1.466368 	 
 0.199526 	 23.713737 	 0.049521 	 5208074 	 0.000438 	 520.807454 	 
 0.199526 	 42.169650 	 0.088062 	 6564201 	 0.000390 	 656.420126 	 
 0.199526 	 74.989421 	 0.156599 	 3312236 	 0.000549 	 331.223678 	 
 0.199526 	 133.352143 	 0.278477 	 1366978 	 0.000855 	 136.697872 	 
 0.199526 	 237.137371 	 0.495209 	 651855 	 0.001239 	 65.185541 	 
 0.199526 	 421.696503 	 0.880620 	 210949 	 0.002177 	 21.094997 	 
 0.199526 	 749.894209 	 0.950000 	 70 	 	 0.119222 	 0.007035 	 
 0.316228 	 23.713737 	 0.031246 	 21917 	 	 0.006755 	 2.191720 	 
 0.316228 	 42.169650 	 0.055563 	 2890330 	 0.000588 	 289.033069 	 
 0.316228 	 74.989421 	 0.098807 	 2290347 	 0.000661 	 229.034735 	 
 0.316228 	 133.352143 	 0.175707 	 920324 	 0.001042 	 92.032439 	 
 0.316228 	 237.137371 	 0.312456 	 451488 	 0.001488 	 45.148861 	 
 0.316228 	 421.696503 	 0.555634 	 224367 	 0.002111 	 22.436739 	 
 0.316228 	 749.894209 	 0.988072 	 54363 	 	 0.004289 	 5.436316 	 
 0.501187 	 42.169650 	 0.035058 	 109585 	 0.003021 	 10.958600 	 
 0.501187 	 74.989421 	 0.062343 	 816415 	 0.001107 	 81.641568 	 
 0.501187 	 133.352143 	 0.110864 	 376923 	 0.001629 	 37.692395 	 
 0.501187 	 237.137371 	 0.197146 	 175954 	 0.002384 	 17.595412 	 
 0.501187 	 421.696503 	 0.350581 	 80976 	 	 0.003514 	 8.097689 	 
 0.501187 	 749.894209 	 0.623432 	 42714 	 	 0.004839 	 4.271463 	 
 0.501187 	 1333.521432 	 0.950000 	 5005 	 	 0.014135 	 0.500515 	 
 0.794328 	 74.989421 	 0.039336 	 49313 	 	 0.004503 	 4.931370 	 
 0.794328 	 133.352143 	 0.069950 	 113319 	 0.002971 	 11.331940 	 
 0.794328 	 237.137371 	 0.124391 	 50795 	 	 0.004437 	 5.079523 	 
 0.794328 	 421.696503 	 0.221202 	 16412 	 	 0.007806 	 1.641247 	 
 0.794328 	 749.894209 	 0.393359 	 4311 	 	 0.015229 	 0.431167 	 
 0.794328 	 1333.521432 	 0.699502 	 1517 	 	 0.025670 	 0.151763 	 
 0.794328 	 2371.373706 	 0.950000 	 20 	 	 0.223044 	 0.002010 	 
